0.23843333333333336
0.5555166666666667
0.6921333333333334
0.7472500000000001
0.7786833333333334
0.8036666666666666
0.8217499999999999
0.8342
0.8418333333333333
0.8445333333333332
0.8485
0.84945
0.8516666666666666
0.8523833333333334
0.8535333333333334
0.8537500000000001
0.8558166666666668
0.8583666666666666
0.8588
0.8602500000000001
0.8620333333333333
0.8634166666666667
0.8656666666666668
0.8684
0.8703833333333334
0.8726166666666666
0.8756166666666667
0.8776
0.8800500000000001
0.8818166666666668
0.8843833333333334
0.8868166666666667
0.8881166666666666
0.8901833333333333
0.8918500000000001
0.8932000000000001
0.89505
0.8971
0.8975333333333332
0.8987333333333333
0.9002166666666667
0.9017500000000002
0.9028166666666667
0.9040833333333333
0.9051833333333335
0.9055833333333334
0.9065499999999999
0.90725
0.9084833333333334
0.9093666666666665
0.9093
0.9109999999999999
0.9111500000000001
0.9115500000000001
0.9122666666666666
0.9126833333333334
0.9128666666666666
0.9139333333333332
0.9147666666666666
0.9147833333333333
0.9150333333333333
0.9161833333333332
0.9158166666666666
0.9159666666666667
0.9166833333333333
0.9171333333333332
0.9173833333333331
0.9177333333333332
0.9180833333333333
0.9187833333333334
0.9189000000000002
0.9191333333333332
0.9193000000000001
0.9194999999999999
0.9203333333333333
0.9205666666666666
0.9208
0.9213166666666667
0.9215
0.9215499999999999
0.9217166666666666
0.9221666666666666
0.9223333333333334
0.9224666666666667
0.9228833333333334
0.9228833333333332
0.9235166666666667
0.9232166666666667
0.92335
0.9234166666666667
0.9238000000000001
0.9239999999999999
0.9237833333333333
0.9246333333333333
0.9247166666666665
0.9253499999999999
0.9249999999999998
0.9248833333333333
0.9253166666666667
0.9255666666666666
0.9257333333333334
0.9260999999999999
0.9263833333333333
0.9263166666666667
0.9263833333333333
0.9264333333333332
0.9269166666666666
0.9272333333333332
0.9273166666666667
0.9277333333333333
0.9276833333333333
0.9279833333333333
0.9278333333333334
0.9285666666666668
0.9282333333333334
0.9289333333333333
0.9286166666666666
0.9291166666666667
0.9294666666666668
0.9294166666666666
0.9296166666666666
0.9298166666666666
0.9303166666666667
0.9301999999999998
0.9304
0.9307666666666666
0.9308833333333334
0.9312
0.9310166666666665
0.9313833333333333
0.9323
0.93185
0.9319666666666667
0.9321999999999999
0.9323499999999999
0.93255
0.9328500000000001
0.9327333333333332
0.9329
0.9336833333333333
0.9336333333333333
0.9339333333333332
0.9341166666666666
0.93405
0.9345833333333333
0.9343
0.9349999999999999
0.9346666666666668
0.9347666666666666
0.93485
0.9352333333333335
0.9349166666666666
0.9355166666666666
0.9360166666666666
0.9362
0.9361333333333333
0.9359000000000001
0.9364833333333333
0.9368
0.93675
0.9371833333333334
0.9371833333333334
0.9370833333333332
0.9371833333333334
0.9375666666666665
0.9375666666666665
0.9375333333333334
0.9377999999999999
0.9380333333333333
0.9379
0.9387833333333333
0.9383833333333332
0.9385833333333334
0.9389
0.9389
0.9390666666666666
0.9389
0.9398166666666666
0.93915
0.9398666666666665
0.93965
0.9402666666666666
0.9402333333333331
0.9403999999999999
0.9402499999999999
0.9403833333333332
0.9406166666666668
0.9408666666666665
0.9408499999999999
0.94115
0.9410333333333334
0.9411833333333334
0.9414833333333332
0.9414000000000001
0.9417
0.9418666666666665
0.9421166666666666
0.9419166666666666
0.9422
0.9426
