0.34688333333333327
0.7035833333333334
0.78505
0.8246833333333333
0.83865
0.8460666666666666
0.8492000000000001
0.8519666666666668
0.8553333333333333
0.8599333333333333
0.86355
0.8675333333333334
0.8740666666666668
0.8780333333333333
0.8823500000000001
0.8858666666666668
0.8891833333333334
0.8920166666666667
0.8949333333333334
0.8977499999999999
0.9006000000000002
0.9025
0.9043666666666667
0.9058166666666666
0.90815
0.90915
0.9110166666666667
0.9121166666666666
0.9135333333333332
0.9144833333333334
0.9158
0.9166666666666666
0.9176166666666666
0.9182333333333332
0.9190666666666667
0.9194833333333333
0.9207000000000001
0.9212166666666667
0.9217
0.9224166666666666
0.9225833333333332
0.9236499999999999
0.9240333333333334
0.9244166666666667
0.9251833333333334
0.9255166666666667
0.9257499999999999
0.9261666666666667
0.9268666666666666
0.9274
0.9271333333333334
0.9279499999999999
0.9280999999999998
0.9286833333333333
0.9290499999999998
0.9295999999999999
0.9297833333333333
0.9303833333333333
0.9307500000000001
0.9311999999999999
0.93135
0.93135
0.9319833333333333
0.9324
0.9328
0.9336166666666665
0.9336333333333332
0.9336999999999999
0.9341166666666667
0.9342833333333335
0.9351333333333333
0.9350999999999999
0.9356999999999999
0.93555
0.9358333333333334
0.9367833333333332
0.93675
0.9374166666666666
0.9374333333333332
0.9376666666666665
0.9385166666666667
0.9385833333333333
0.9389333333333333
0.9391166666666666
0.9394833333333333
0.9401166666666666
0.9397833333333333
0.9403
0.9407166666666665
0.9406833333333333
0.9412333333333333
0.9413
0.9415999999999999
0.9419999999999998
0.9426499999999999
0.9422166666666666
0.9430166666666667
0.9428999999999998
0.9435666666666666
0.9437166666666666
0.9435333333333332
0.9437999999999999
0.9444333333333333
0.9441
0.9444833333333333
0.9446
0.9449499999999998
0.9451166666666667
0.9458166666666665
0.9456666666666665
0.9459666666666666
0.9460833333333332
0.9463499999999999
0.9465666666666666
0.9464
0.9468833333333332
0.9471666666666665
0.9473333333333332
0.9479333333333333
0.94765
0.9477166666666667
0.9479333333333333
0.9482833333333334
0.9482499999999999
0.9484833333333332
0.9490500000000001
0.9490833333333333
0.9493333333333333
0.9494999999999999
0.9495333333333332
0.9496666666666665
0.9500333333333333
0.95045
0.9502
0.9508333333333333
0.9504999999999999
0.9504833333333335
0.9504333333333332
0.9507666666666666
0.9517333333333333
0.9515333333333332
0.9516666666666665
0.9514999999999999
0.9516666666666665
0.9522333333333334
0.9522833333333333
0.9521666666666665
0.9526666666666666
0.9529833333333334
0.9525166666666666
0.9530166666666666
0.9532666666666666
0.9532666666666666
0.9531999999999998
0.9533999999999999
0.95365
0.9536666666666666
0.9539333333333332
0.9539333333333334
0.9544499999999999
0.9543833333333334
0.9545999999999998
0.9545333333333333
0.9547500000000001
0.9548999999999999
0.9546999999999999
0.95505
0.9549166666666666
0.9553833333333333
0.9556333333333332
0.9556999999999999
0.9554833333333331
0.9560999999999998
0.9562166666666666
0.9561666666666667
0.9562166666666667
0.95655
0.9566333333333333
0.9568
0.957
0.9572666666666666
0.9568166666666666
0.9570833333333333
0.9575
0.9573333333333333
0.9577
0.9574666666666666
0.9578833333333332
0.9581
0.9579999999999999
0.9580666666666667
0.9585666666666666
0.9583999999999998
0.9583333333333334
0.9585499999999999
0.9586666666666664
0.9587666666666665
0.9588333333333333
0.9590666666666666
0.9591166666666666
