0.4361833333333333
0.7620666666666667
0.8230666666666666
0.8410000000000001
0.8475166666666668
0.8525166666666667
0.8580666666666668
0.8642333333333334
0.8716333333333335
0.87785
0.8852833333333333
0.8907333333333334
0.8966166666666666
0.9001333333333333
0.9039833333333335
0.9066666666666666
0.9091
0.9108833333333334
0.9134833333333333
0.9142000000000001
0.9155833333333332
0.9171999999999999
0.9182499999999999
0.9197666666666665
0.9211166666666667
0.9215333333333332
0.9227
0.9239833333333333
0.9246
0.9255833333333333
0.92685
0.9272
0.9284166666666667
0.9296833333333332
0.9295333333333332
0.9304833333333332
0.9315666666666665
0.9316833333333333
0.9330333333333334
0.9332666666666666
0.93365
0.9348333333333333
0.9353833333333332
0.9354999999999999
0.93585
0.9369333333333333
0.9378666666666667
0.9379333333333332
0.9385
0.9390166666666667
0.9397333333333332
0.9391833333333333
0.9399833333333332
0.94055
0.94145
0.9418166666666666
0.9420833333333333
0.9425833333333333
0.9430166666666665
0.9426166666666665
0.9440833333333333
0.9437333333333333
0.9449166666666665
0.9451999999999998
0.9451833333333332
0.94575
0.9459833333333333
0.9467166666666667
0.9464499999999999
0.9473499999999998
0.9474166666666667
0.9473499999999998
0.9480833333333333
0.9484499999999999
0.9486333333333333
0.9492499999999998
0.9493
0.9493166666666667
0.9500833333333333
0.9499333333333334
0.9501999999999998
0.9502166666666666
0.9506833333333332
0.95085
0.9512499999999999
0.9513166666666666
0.9514999999999999
0.9517999999999999
0.9519166666666665
0.9520833333333334
0.9526833333333333
0.9525666666666667
0.9531666666666666
0.9531333333333333
0.9536333333333333
0.9537999999999999
0.9533166666666667
0.9539166666666666
0.9540333333333333
0.9542833333333333
0.9545666666666666
0.9546833333333332
0.9547666666666665
0.9545333333333333
0.9552999999999999
0.95555
0.9552499999999999
0.9551333333333334
0.9561333333333333
0.9558833333333333
0.9565166666666666
0.9563833333333331
0.9561833333333333
0.9567
0.9566499999999999
0.9568499999999999
0.9571166666666665
0.9577666666666667
0.9571166666666665
0.9571999999999999
0.9578833333333332
0.9578833333333332
0.9581833333333333
0.9583499999999999
0.9581999999999998
0.9583666666666666
0.9584666666666667
0.9583166666666667
0.9591500000000001
0.9591833333333333
0.9591666666666668
0.9591500000000001
0.9597833333333333
0.9596833333333333
0.9594833333333334
0.9599166666666665
0.9600333333333334
0.9604333333333331
0.9602999999999998
0.9603333333333333
0.9600833333333334
0.9606833333333333
0.9609333333333333
0.9609333333333332
0.961
0.9610833333333332
0.9613333333333333
0.96135
0.9615166666666667
0.9617833333333333
0.9619166666666666
0.9617166666666667
0.9619666666666666
0.9620833333333332
0.9624
0.96225
0.9626833333333332
0.9625499999999999
0.9625833333333332
0.9628499999999999
0.9627833333333333
0.9630666666666666
0.9634499999999999
0.9632166666666665
0.9632999999999999
0.9636999999999999
0.9634833333333334
0.9633833333333334
0.9639333333333333
0.9639666666666665
0.9644333333333334
0.9642666666666666
0.9640166666666666
0.9639666666666665
0.9644833333333332
0.9644499999999999
0.9642499999999998
0.9648499999999999
0.9648166666666667
0.9650500000000001
0.9649833333333332
0.9648666666666667
0.9654666666666666
0.9654833333333332
0.9655666666666667
0.9657166666666667
0.9654666666666666
0.9658999999999999
0.9658999999999999
0.9659333333333334
0.9658166666666667
0.9662833333333332
0.96615
0.9662333333333333
0.9664666666666667
0.9666333333333332
0.9668333333333333
0.96645
0.96705
0.9667666666666666
