0.5601166666666667
0.8188
0.8498999999999999
0.8694333333333333
0.8839166666666666
0.8951166666666667
0.9020166666666668
0.9073166666666665
0.9108666666666667
0.9145666666666666
0.9171666666666667
0.9195333333333333
0.9214666666666668
0.9223833333333333
0.9244333333333333
0.9251166666666667
0.9267833333333333
0.9277666666666667
0.9290666666666666
0.9305333333333333
0.93185
0.93305
0.9335166666666668
0.9354166666666667
0.9361833333333333
0.9373833333333333
0.9380166666666666
0.9394833333333333
0.9404333333333333
0.94125
0.9415999999999999
0.9422666666666667
0.9433999999999999
0.9442999999999998
0.9447166666666665
0.9450666666666666
0.9466166666666666
0.9465499999999999
0.9472333333333333
0.9479333333333333
0.9486166666666666
0.9491999999999999
0.9490499999999998
0.9500333333333332
0.9509666666666666
0.9500833333333333
0.9512999999999999
0.9517833333333332
0.9522166666666667
0.9521666666666665
0.9523666666666667
0.95325
0.9534333333333332
0.9540166666666666
0.9544166666666666
0.9543499999999999
0.95465
0.9552499999999999
0.9551999999999999
0.9559333333333333
0.9562166666666666
0.9560833333333333
0.9568499999999999
0.9569000000000001
0.9572666666666665
0.9572499999999998
0.9575166666666667
0.9578833333333333
0.9579166666666666
0.9582166666666666
0.9584333333333332
0.95885
0.9589666666666666
0.9595833333333333
0.9595833333333332
0.9596499999999999
0.95995
0.9601000000000001
0.9605499999999999
0.9611333333333333
0.9610666666666666
0.96115
0.96115
0.9619166666666666
0.9616166666666667
0.9615499999999999
0.9619666666666666
0.9623666666666667
0.9619833333333334
0.9625666666666666
0.9630666666666666
0.9628666666666664
0.9634499999999999
0.9635166666666666
0.9633666666666666
0.9636
0.96365
0.9634666666666667
0.9641833333333333
0.9642499999999998
0.9642
0.9646333333333335
0.9648333333333333
0.9649166666666665
0.9648999999999998
0.9656333333333333
0.9655499999999999
0.9656499999999998
0.9659
0.9657833333333331
0.96605
0.9660833333333333
0.9662999999999998
0.9666
0.9668833333333332
0.9666333333333332
0.9666166666666666
0.9668166666666665
0.9670666666666666
0.9675166666666666
0.9677666666666666
0.96785
0.9679333333333332
0.96815
0.9679666666666668
0.9682666666666666
0.96815
0.9682833333333333
0.9685999999999999
0.9687666666666667
0.9685833333333332
0.9688666666666665
0.96875
0.9692999999999999
0.9691833333333332
0.96935
0.9693999999999998
0.9698166666666665
0.9697666666666667
0.9696833333333332
0.9703333333333332
0.97025
0.9700166666666666
0.9704833333333333
0.9704
0.97025
0.9703833333333333
0.9705166666666667
0.9711666666666665
0.9706999999999999
0.9712333333333333
0.97105
0.9712999999999999
0.9708833333333332
0.97155
0.9715666666666666
0.9721666666666665
0.9716833333333333
0.9719666666666665
0.9720833333333333
0.9722499999999998
0.9723999999999999
0.9722
0.9719166666666667
0.97255
0.9726833333333333
0.9727833333333332
0.9728833333333332
0.9728666666666665
0.9728833333333333
0.9729166666666668
0.9726666666666666
0.9731166666666665
0.9732499999999998
0.9734666666666666
0.9739166666666667
0.9733499999999999
0.9734833333333333
0.9734833333333333
0.97375
0.9737833333333331
0.97405
0.9743333333333332
0.9740333333333332
0.9741499999999998
0.9746999999999999
0.9745333333333334
0.9743833333333333
0.9742999999999999
0.97485
0.9747833333333333
0.9748166666666666
0.9752999999999998
0.97485
0.97505
0.9750499999999999
0.9752333333333333
0.9750166666666665
0.9753166666666666
0.9752
