0.8289333333333332
0.9188666666666666
0.9362999999999998
0.94595
0.9536166666666667
0.9588999999999999
0.9637166666666666
0.9670499999999999
0.9698333333333333
0.9722666666666667
0.9742666666666665
0.9762666666666666
0.9772666666666666
0.9791833333333333
0.9801833333333333
0.9815166666666667
0.9823999999999998
0.9833666666666666
0.9844666666666666
0.9854333333333333
0.9859666666666667
0.9867333333333334
0.9876
0.9878833333333331
0.9889166666666666
0.9894333333333333
0.9896166666666666
0.99045
0.9906499999999999
0.9914333333333333
0.9914333333333333
0.992
0.9922166666666667
0.9926499999999999
0.9932166666666666
0.9935833333333332
0.9934666666666668
0.9942500000000001
0.9942333333333333
0.9949833333333332
0.9948166666666666
0.9950833333333332
0.9953
0.9955333333333334
0.9959833333333333
0.9959166666666666
0.9963333333333333
0.9963166666666666
0.9964333333333334
0.9966333333333335
0.9969333333333333
0.99695
0.9971166666666665
0.9972666666666666
0.9973666666666666
0.9975166666666668
0.9975
0.9975999999999999
0.9979166666666668
0.9979666666666667
0.9979166666666667
0.9980500000000001
0.9981
0.9985166666666666
0.9982833333333335
0.9984666666666667
0.9984166666666668
0.9984833333333333
0.9984666666666667
0.9987499999999999
0.9988
0.9988166666666666
0.9987833333333334
0.9989833333333333
0.9989333333333335
0.9989500000000001
0.9991
0.9990833333333334
0.9991499999999999
0.9992000000000001
0.9992166666666668
0.99925
0.9993333333333334
0.9993166666666667
0.9993333333333334
0.9994333333333335
0.9994166666666667
0.9994166666666667
0.9994500000000001
0.9994999999999999
0.9993833333333333
0.9994833333333334
0.9995666666666668
0.9995666666666666
0.9995500000000002
0.9995833333333334
0.9995333333333334
0.9996
0.9995833333333334
0.9996499999999999
0.9996499999999999
0.9995833333333334
0.9996333333333333
0.9996666666666667
0.9997000000000001
0.9996833333333334
0.9997000000000001
0.9997166666666667
0.9997166666666667
0.9997333333333334
0.9997166666666667
0.9997333333333334
0.9997833333333332
0.9997333333333334
0.9998
0.99975
0.9997833333333332
0.9997666666666666
0.9998166666666667
0.9998166666666668
0.9998166666666667
0.9997833333333332
0.9998
0.9998166666666668
0.9998333333333335
0.9998833333333333
0.9998666666666667
0.9998833333333333
0.9998666666666667
0.9998666666666667
0.9998666666666667
0.9999166666666666
0.9998666666666667
0.9998999999999999
0.9999166666666667
0.9999166666666667
0.9999166666666666
0.9999166666666666
0.9999166666666666
0.9998999999999999
0.9999166666666667
0.9999333333333333
0.9999500000000001
0.99995
0.9999333333333333
0.9999666666666668
0.9999333333333333
0.9999500000000001
0.9999833333333333
0.9999833333333333
1.0
1.0
0.9999833333333333
0.9999833333333333
1.0
1.0
0.9999833333333333
1.0
1.0
1.0
1.0
1.0
1.0
1.0
1.0
1.0
1.0
1.0
1.0
1.0
1.0
1.0
1.0
1.0
1.0
1.0
1.0
1.0
1.0
1.0
1.0
1.0
1.0
1.0
1.0
1.0
1.0
1.0
1.0
1.0
1.0
1.0
1.0
1.0
1.0
1.0
1.0
1.0
1.0
1.0
