0.5683333333333334
0.8406500000000001
0.8770666666666668
0.8910333333333335
0.9010666666666666
0.9070833333333335
0.9125166666666665
0.9162666666666667
0.91865
0.9212166666666667
0.92395
0.9264333333333333
0.9273333333333333
0.9287833333333332
0.9307333333333334
0.9322166666666666
0.9339166666666666
0.9349999999999999
0.9360333333333332
0.9377666666666666
0.9386833333333332
0.9399166666666666
0.9408666666666665
0.9418166666666666
0.9424666666666667
0.9432833333333334
0.9437666666666665
0.9442666666666666
0.9453
0.9454333333333333
0.94625
0.9474
0.9478
0.9482833333333334
0.9499166666666666
0.9497499999999999
0.9497499999999999
0.95085
0.9515333333333332
0.9520666666666666
0.9524166666666666
0.9526499999999999
0.9534666666666666
0.9536666666666666
0.9541833333333333
0.9546999999999999
0.9558
0.9558666666666666
0.9561333333333333
0.9567
0.95675
0.9571499999999998
0.9577166666666667
0.9584166666666666
0.9588333333333333
0.9587333333333333
0.9591833333333333
0.9598999999999999
0.9601000000000001
0.9604833333333334
0.9604499999999998
0.9607333333333333
0.9610666666666666
0.9617833333333333
0.9617166666666667
0.9625333333333334
0.9626166666666666
0.9629499999999999
0.96265
0.9633499999999998
0.9639333333333333
0.9638
0.9638333333333332
0.9641500000000001
0.9645333333333332
0.9649166666666668
0.9649999999999999
0.9654666666666666
0.9653666666666666
0.96575
0.96605
0.9659166666666666
0.9663833333333333
0.9668000000000001
0.9670333333333332
0.9670666666666666
0.9672833333333334
0.9666499999999999
0.9670666666666666
0.9673999999999999
0.9676
0.9681166666666665
0.968
0.9682666666666666
0.9683166666666665
0.9686
0.9688500000000001
0.9685666666666665
0.9688333333333333
0.9696666666666666
0.9695499999999999
0.9696333333333333
0.9696166666666667
0.9696666666666666
0.9698833333333332
0.9698333333333332
0.9700666666666665
0.9706666666666667
0.9703333333333334
0.9705666666666666
0.9707499999999998
0.9708833333333334
0.9709499999999999
0.9709
0.9712333333333333
0.9712833333333332
0.9712999999999999
0.9719666666666665
0.9719999999999999
0.9721000000000001
0.9719666666666665
0.9723
0.9725499999999999
0.9720666666666666
0.9725999999999999
0.9726333333333333
0.9723499999999999
0.9729166666666665
0.9727333333333332
0.9726666666666666
0.97365
0.97345
0.9732833333333333
0.9733999999999999
0.9733
0.9734666666666666
0.9734833333333333
0.9737333333333332
0.9739333333333334
0.9741166666666666
0.9745499999999998
0.9737499999999999
0.9745833333333334
0.9742666666666665
0.9744333333333333
0.9742833333333333
0.9745666666666666
0.9747666666666666
0.9751666666666665
0.9753166666666666
0.9756
0.9748833333333332
0.9754333333333333
0.9753166666666666
0.9752333333333333
0.9753833333333333
0.9753
0.9753833333333333
0.9756166666666665
0.9756833333333331
0.9757666666666666
0.9760833333333333
0.9757333333333333
0.9764166666666666
0.9762666666666666
0.9762166666666666
0.97615
0.97615
0.9767666666666667
0.9763166666666666
0.9765333333333333
0.9765166666666666
0.9763999999999999
0.9761666666666665
0.9764499999999999
0.9767
0.9767833333333332
0.9767999999999999
0.9767999999999999
0.9775166666666667
0.9776166666666667
0.9769166666666665
0.9773499999999999
0.9776333333333334
0.9773833333333334
0.9774833333333333
0.9775166666666667
0.9774333333333333
0.9777999999999999
0.9777666666666667
0.9779
0.9775166666666667
0.9780166666666666
0.9777333333333332
0.9779499999999999
0.9783333333333332
0.9782500000000001
0.9783166666666666
0.9781999999999998
0.9785333333333334
