0.2413166666666667
0.7629666666666667
0.8690000000000001
0.88225
0.8924166666666666
0.8986666666666667
0.9015833333333333
0.9047666666666667
0.9072666666666667
0.9096166666666666
0.9112333333333332
0.9122499999999999
0.9148166666666665
0.9159666666666667
0.91705
0.9181
0.9193833333333333
0.9199666666666667
0.9204666666666667
0.9211166666666667
0.92265
0.9231166666666666
0.9238333333333334
0.9244
0.9243666666666664
0.9254333333333333
0.9265333333333333
0.9266
0.9274166666666667
0.9277166666666666
0.9285833333333332
0.92935
0.9298000000000001
0.9302166666666666
0.9305666666666667
0.9310999999999999
0.9312333333333332
0.93325
0.9331
0.9339333333333334
0.93395
0.9353333333333333
0.9352166666666665
0.9353833333333332
0.9367666666666666
0.9367666666666666
0.9382666666666667
0.9386833333333332
0.93825
0.9385666666666667
0.9393666666666668
0.9400166666666666
0.94055
0.9406666666666667
0.9417499999999999
0.9422666666666665
0.9423666666666667
0.9429166666666666
0.9432166666666665
0.9435166666666666
0.9442666666666666
0.94385
0.9450666666666666
0.9448166666666666
0.9451499999999999
0.9453666666666667
0.9463499999999999
0.9460166666666666
0.9472333333333331
0.9470833333333332
0.9474499999999999
0.9474666666666666
0.9483333333333333
0.9479666666666665
0.9485999999999999
0.9488166666666666
0.9492166666666666
0.9490166666666666
0.9497
0.9499
0.9500666666666667
0.9505499999999999
0.9506166666666666
0.9506166666666666
0.9507833333333333
0.9517333333333333
0.9516166666666667
0.9516499999999999
0.95235
0.9529833333333334
0.9521833333333333
0.9521333333333333
0.9526499999999999
0.95335
0.953
0.9535833333333333
0.9536833333333332
0.9541333333333334
0.9538333333333332
0.9540166666666666
0.9547166666666667
0.9546833333333332
0.9542333333333333
0.9547833333333333
0.9549666666666666
0.9549666666666666
0.9556666666666667
0.9553833333333334
0.9553499999999998
0.9562166666666666
0.9556666666666667
0.9560333333333334
0.9565666666666667
0.9567666666666667
0.9569
0.9570666666666666
0.9572166666666666
0.9575666666666667
0.9570833333333333
0.95745
0.9573166666666667
0.9573833333333334
0.9579166666666666
0.9582666666666667
0.9582499999999999
0.95805
0.9587333333333333
0.9585166666666666
0.9590333333333333
0.9588666666666666
0.9592833333333332
0.9590166666666667
0.9594166666666665
0.95935
0.9594833333333334
0.9593333333333333
0.9598999999999999
0.9598333333333332
0.9601833333333333
0.9600833333333333
0.9601666666666665
0.9605
0.9602833333333333
0.9606999999999998
0.9609499999999999
0.9608666666666666
0.9606666666666666
0.9611833333333334
0.9610333333333333
0.9611666666666666
0.9615166666666667
0.9616333333333332
0.9615833333333333
0.9621833333333333
0.9617333333333332
0.9622166666666666
0.9622333333333333
0.9622166666666666
0.9628833333333334
0.9625166666666666
0.9627166666666666
0.96285
0.9631499999999998
0.9628166666666665
0.96305
0.9631333333333333
0.9631499999999998
0.9630333333333332
0.9637666666666665
0.9633333333333333
0.9635333333333332
0.9638666666666666
0.9643666666666667
0.9639833333333332
0.9648
0.9642499999999998
0.9647833333333332
0.9646666666666667
0.9650166666666666
0.9644
0.9649333333333332
0.9649999999999999
0.9652333333333333
0.9653499999999999
0.9651166666666665
0.96555
0.96545
0.9651666666666666
0.9657
0.9658333333333333
0.9660500000000001
0.9662166666666666
0.9660833333333333
0.9658333333333333
0.9666333333333332
0.9667333333333333
0.9664333333333333
0.9669
0.9665666666666665
0.9668166666666668
