0.13201666666666667
0.5108166666666666
0.6592
0.7338333333333334
0.7698333333333333
0.7985833333333335
0.82145
0.8348999999999999
0.8423333333333334
0.8473333333333334
0.8500000000000002
0.8506166666666667
0.8533666666666666
0.8536499999999999
0.8556833333333334
0.8565833333333334
0.8589666666666668
0.8599166666666666
0.8626
0.8643333333333333
0.8668
0.8687833333333334
0.8705666666666666
0.8726166666666667
0.8748
0.8769666666666666
0.8796833333333334
0.8808500000000001
0.8831333333333334
0.8848333333333334
0.8863833333333333
0.8882333333333333
0.8902166666666668
0.8920166666666666
0.8936833333333333
0.8944833333333334
0.8956666666666666
0.8971166666666668
0.8987166666666667
0.8999000000000001
0.9014666666666665
0.9024166666666668
0.9031000000000001
0.9045000000000001
0.9049999999999999
0.9061333333333335
0.9068166666666667
0.9078833333333333
0.9087666666666666
0.9092166666666667
0.9101833333333333
0.9110333333333335
0.9118666666666667
0.9126499999999999
0.9130499999999998
0.9139333333333334
0.9148666666666667
0.9155166666666665
0.9163
0.9165166666666668
0.9175666666666666
0.9179833333333334
0.9188666666666667
0.91945
0.9196
0.9202666666666666
0.9208666666666666
0.9210833333333333
0.92155
0.9221999999999998
0.9223666666666667
0.9227666666666665
0.9233166666666666
0.9235333333333334
0.9240666666666666
0.9240666666666666
0.92495
0.9249666666666666
0.9255
0.9259333333333332
0.9261
0.9258166666666668
0.9262999999999999
0.9266166666666665
0.9270499999999999
0.9272166666666667
0.9275500000000001
0.92785
0.9280500000000002
0.92855
0.9289333333333332
0.9289
0.9292833333333334
0.9293499999999999
0.9300333333333333
0.92975
0.9298166666666666
0.9301166666666666
0.9305500000000001
0.9307499999999999
0.93085
0.93115
0.9315166666666665
0.9316166666666666
0.9317166666666666
0.9319666666666667
0.93275
0.9326666666666665
0.9327833333333334
0.9327833333333332
0.9329999999999999
0.9334166666666667
0.9334166666666666
0.9337666666666667
0.9339
0.9341166666666664
0.9342500000000001
0.9343166666666666
0.9347166666666666
0.93465
0.9348333333333335
0.9352499999999999
0.9354166666666665
0.9356333333333334
0.9358666666666666
0.93615
0.9359833333333333
0.9362666666666667
0.9366333333333333
0.9366666666666666
0.9371
0.9374000000000001
0.9375333333333334
0.9372333333333334
0.9377666666666666
0.9377999999999999
0.9379333333333334
0.9385333333333333
0.9381666666666666
0.9384833333333332
0.9388500000000001
0.9388833333333334
0.9389666666666666
0.9390166666666667
0.9392166666666667
0.9396666666666667
0.93955
0.9398
0.9399833333333332
0.9402333333333331
0.9403666666666667
0.9404333333333331
0.9405833333333334
0.9408666666666666
0.9406833333333333
0.9410166666666666
0.9411666666666666
0.9412166666666667
0.9413333333333331
0.9412666666666665
0.9417
0.9416833333333332
0.9422833333333331
0.9419666666666666
0.94245
0.9424
0.9425166666666667
0.9426500000000001
0.9424833333333335
0.9429333333333334
0.9430833333333332
0.9431166666666667
0.9431833333333332
0.9435833333333333
0.9435833333333332
0.9439000000000001
0.9438833333333333
0.9439000000000001
0.9440166666666667
0.9443166666666666
0.9443
0.9445166666666666
0.9447166666666665
0.9448499999999997
0.9448333333333334
0.9451333333333333
0.9450666666666665
0.9451333333333332
0.9456500000000001
0.9454166666666667
0.9457
0.9455166666666668
0.9456166666666665
0.94575
0.9459166666666666
0.9461
0.9462833333333335
0.9464333333333332
0.9462999999999999
0.9465833333333333
0.9466000000000001
0.9470166666666667
0.9471666666666666
0.9469333333333334
0.9471666666666668
0.9473666666666665
0.9476
0.9474499999999999
0.9477666666666665
0.9477333333333333
0.94795
0.9480166666666667
0.9482
0.948
0.9483166666666666
0.9482833333333334
0.9485666666666667
0.9485333333333332
0.9487500000000001
0.9486666666666667
0.94895
0.9489
0.9491666666666667
0.9491333333333335
0.94935
0.9493166666666667
0.9494666666666665
0.9493666666666667
0.9493666666666666
0.9496666666666665
0.9498999999999999
0.9498666666666665
0.9499666666666666
0.9499166666666667
0.9502166666666666
0.9503
0.9501000000000001
0.9502333333333333
0.9503666666666667
0.9506333333333332
0.950533333333333
0.9508166666666665
0.9507499999999999
0.9509500000000001
0.9512166666666667
0.951133333333333
0.9514166666666667
0.9514999999999999
0.9513499999999998
0.9515666666666668
0.9516333333333332
0.9517666666666665
0.9517166666666667
0.9519166666666666
0.9521666666666668
0.9521000000000001
0.9523833333333331
0.9522
0.9523333333333331
0.9522166666666667
0.9523
0.9525166666666666
0.9526000000000002
0.9525999999999999
0.9525999999999999
0.9528833333333334
0.9530500000000001
0.9530500000000002
0.9531666666666666
0.9533833333333335
0.9532999999999999
0.9532166666666669
0.9535
0.9533333333333331
0.9534500000000001
0.9534333333333334
0.9537
0.9538666666666668
0.9537333333333332
0.9539666666666666
0.9537666666666667
0.9539
0.95425
0.9540833333333332
0.9542999999999999
0.9542666666666665
0.9544499999999999
0.9544666666666667
0.9546999999999999
0.9546833333333332
0.9548
0.9546
0.955
0.9549333333333334
0.9550166666666667
0.95485
0.9548666666666666
0.9550999999999998
0.9550000000000001
0.9552833333333332
0.9551999999999999
0.9553666666666668
0.9552166666666665
0.9552833333333332
0.95555
0.9553499999999998
0.9557000000000001
0.9556000000000001
0.9557166666666665
0.9557000000000001
0.9559166666666666
0.9557833333333333
0.9561166666666666
0.9558833333333333
0.9559500000000001
0.9560999999999998
0.9561499999999999
0.9561000000000001
0.9565499999999997
0.9565166666666666
0.9564166666666667
0.9567333333333333
0.9566666666666666
0.9565666666666667
0.9566499999999999
0.9566
0.9569166666666665
0.9567833333333334
0.9568
0.9570666666666666
0.9571333333333332
0.9572833333333332
0.9572000000000003
0.9573
0.9573333333333333
0.9573
0.9574166666666667
0.9572333333333333
0.9574166666666666
0.9576333333333333
0.9576833333333332
0.9576000000000001
0.9579666666666665
0.9577166666666667
0.9578333333333332
0.9577666666666667
0.9581166666666666
0.9580666666666667
0.9580833333333332
0.9580666666666665
0.9580666666666665
0.9583833333333333
0.9582833333333332
0.9584
0.9581499999999998
0.9586166666666666
0.9585333333333333
0.9585666666666669
0.9585666666666667
0.9582666666666668
0.9584833333333332
0.95865
0.9587666666666667
0.9587
0.9587666666666665
0.9588333333333332
0.9591333333333333
0.9592333333333332
0.9589999999999997
0.9591333333333333
0.9590833333333334
0.95905
0.9593166666666665
0.9591499999999998
0.9592833333333332
0.9592166666666665
0.9594833333333334
0.9595333333333335
0.9594
0.9595833333333332
0.9596999999999999
0.9596499999999999
0.9595333333333332
0.9597166666666667
0.9597833333333332
0.9599333333333334
0.9598500000000002
0.9598
0.9599333333333333
0.9600499999999998
0.95995
0.96
0.9601833333333332
0.9602333333333334
0.960233333333333
0.9603333333333334
0.9602166666666667
0.9601999999999998
0.9604
0.9605166666666666
