0.10375
0.11008333333333332
0.10986666666666667
0.11386666666666667
0.11591666666666667
0.12095
0.12118333333333331
0.12588333333333335
0.12776666666666664
0.12758333333333335
0.13141666666666665
0.14833333333333334
0.20926666666666668
0.29315
0.3792166666666667
0.49666666666666665
0.5789166666666666
0.6404166666666666
0.6850833333333334
0.7153499999999999
0.7375333333333334
0.7535999999999999
0.7670833333333333
0.7824333333333334
0.7971499999999999
0.8103333333333333
0.8215499999999999
0.8308000000000003
0.8381500000000001
0.8444166666666666
0.8495166666666666
0.8535
0.8584333333333333
0.8628166666666668
0.8667833333333334
0.8709666666666666
0.8748666666666667
0.8786333333333333
0.8815333333333334
0.8839499999999999
0.8866166666666667
0.8891666666666667
0.8912333333333334
0.8935666666666665
0.8953833333333333
0.8965333333333335
0.8984666666666667
0.8997333333333333
0.9015666666666666
0.90295
0.9047666666666666
0.9059
0.9070833333333334
0.9079499999999999
0.9094333333333333
0.90985
0.9110333333333331
0.9118666666666666
0.9127166666666667
0.9139333333333334
0.91535
0.9158166666666667
0.9167833333333334
0.9173
0.9184166666666668
0.9192666666666667
0.9197666666666667
0.9212166666666667
0.92205
0.9224333333333333
0.9230999999999999
0.9238833333333334
0.9248666666666668
0.9261499999999999
0.9265333333333333
0.9272166666666667
0.9281333333333334
0.9292333333333332
0.9296500000000001
0.9301500000000001
0.9306333333333332
0.9318
0.9324500000000001
0.9330166666666666
0.9336333333333334
0.9350666666666666
0.9352666666666668
0.9354333333333331
0.9370833333333334
0.9373499999999998
0.9381499999999999
0.9390666666666667
0.9395000000000002
0.9404666666666667
0.9410333333333333
0.9413333333333332
0.9415999999999999
0.9424666666666667
0.9429166666666666
0.9431999999999999
0.9443166666666668
0.9449333333333333
0.9452833333333334
0.9460666666666667
0.9464833333333332
0.9470500000000001
0.9475499999999998
0.9479333333333334
0.9488
0.94935
0.9499000000000001
0.9506666666666667
0.9512333333333333
0.9513833333333332
0.9518666666666667
0.9530166666666666
0.9531833333333332
0.9533999999999999
0.9540166666666666
0.9545666666666667
0.9545333333333333
0.9551499999999998
0.9557833333333333
0.9559333333333333
0.9561333333333333
0.9566499999999998
0.9570833333333333
0.9576833333333333
0.9579166666666666
0.9581666666666666
0.9585166666666668
0.9589666666666665
0.9594333333333331
0.9596333333333332
0.9603333333333332
0.9603166666666668
0.9606500000000001
0.9611666666666668
0.9611666666666666
0.9614666666666665
0.9619166666666668
0.9623666666666667
0.9621166666666667
0.9627333333333331
0.9632333333333333
0.9638499999999999
0.9638333333333334
0.9642166666666667
0.9648499999999999
0.9646666666666667
0.9647833333333332
0.9654999999999999
0.9657999999999999
0.9657666666666667
0.9657833333333333
0.9659833333333334
0.9664999999999999
0.9668000000000001
0.9673499999999998
0.9672999999999998
0.9678666666666667
0.9676833333333333
0.9685666666666668
0.96805
0.9685166666666668
0.9689499999999999
0.9692166666666665
0.9691
0.9694666666666665
0.9697833333333333
0.9704833333333333
0.9702999999999999
0.9704333333333334
0.9705666666666666
0.9708166666666668
0.9709499999999999
0.9714333333333333
0.9715999999999999
0.9715166666666667
0.97195
0.9719333333333333
0.9723833333333335
0.9728166666666666
0.9726
0.9727166666666666
0.9727333333333332
0.9736833333333332
0.9733499999999999
0.9735999999999999
0.9740333333333333
0.9741499999999998
0.9742333333333333
0.9745833333333334
0.9747166666666667
0.97505
0.97465
0.9751833333333333
0.9754333333333335
0.9752
0.9754166666666667
