0.8562166666666666
0.9176000000000001
0.9235833333333333
0.9278999999999998
0.9304833333333332
0.9331999999999999
0.9352999999999999
0.9373499999999999
0.9393333333333335
0.9412166666666667
0.9420499999999999
0.9435166666666666
0.9450333333333333
0.9459
0.9469333333333334
0.9484666666666667
0.9489
0.9497166666666668
0.9509666666666666
0.9521666666666667
0.9527833333333332
0.9537666666666667
0.9545499999999999
0.9557833333333332
0.9559333333333333
0.9571166666666665
0.9579
0.9583499999999999
0.9592999999999999
0.95985
0.9604166666666667
0.9612000000000002
0.9616666666666666
0.9623
0.9627833333333334
0.9631333333333333
0.9639333333333333
0.9648
0.9647833333333331
0.9646333333333333
0.9652666666666666
0.9659333333333334
0.9664666666666667
0.9668333333333333
0.9672
0.9673666666666668
0.9682499999999998
0.9682333333333334
0.9686499999999999
0.9688499999999999
0.9698166666666665
0.9693333333333335
0.9697833333333331
0.9706999999999999
0.9705166666666667
0.9708833333333332
0.9713333333333334
0.9713166666666666
0.9717166666666666
0.9720166666666668
0.9719333333333333
0.9729666666666666
0.9731833333333332
0.9732499999999998
0.9731833333333332
0.9736166666666666
0.9738333333333333
0.9741
0.9744333333333334
0.9749166666666665
0.9744833333333331
0.9747333333333333
0.9754499999999999
0.9754166666666668
0.9756
0.9758833333333331
0.9759833333333333
0.9764333333333334
0.9762833333333334
0.9768833333333333
0.9769666666666666
0.9772499999999998
0.9772833333333333
0.9774833333333334
0.9774333333333333
0.977633333333333
0.9780333333333333
0.9774166666666666
0.9784166666666666
0.9784999999999999
0.9785166666666667
0.9789166666666667
0.9790666666666666
0.9794333333333333
0.9791333333333331
0.9794666666666667
0.9794833333333334
0.9798833333333331
0.9799833333333333
0.9803499999999997
0.9798999999999999
0.9802333333333334
0.9806833333333334
0.9806833333333334
0.9806999999999998
0.98095
0.9805833333333333
0.9809333333333333
0.9811500000000001
0.98135
0.9814333333333334
0.9815499999999999
0.98185
0.9817999999999999
0.9819166666666668
0.9825833333333334
0.9824833333333333
0.9824
0.9829500000000001
0.9829666666666665
0.9828333333333332
0.9828500000000001
0.9832833333333335
0.9832333333333333
0.9833833333333333
0.9833666666666666
0.9835166666666666
0.9837666666666666
0.9840666666666666
0.9838999999999999
0.9841500000000001
0.9843333333333334
0.9842166666666667
0.9844833333333334
0.9845166666666666
0.9847999999999999
0.9848166666666667
0.9847166666666668
0.9848333333333333
0.9850833333333334
0.9853000000000001
0.9851
0.9855999999999999
0.9858333333333333
0.9856833333333334
0.9856333333333334
0.9859499999999999
0.9859166666666667
0.9863166666666664
0.9864166666666666
0.9861833333333334
0.98645
0.9866
0.98685
0.9869333333333331
0.9869166666666667
0.9868333333333332
0.9872500000000001
0.9870500000000001
0.9872833333333334
0.9873
0.9872166666666665
0.9874499999999999
0.9876
0.9877666666666668
0.98755
0.9879000000000001
0.98805
0.9878833333333333
0.9880166666666667
0.9882333333333334
0.9882166666666666
0.9884666666666667
0.9889000000000001
0.9886
0.9889833333333332
0.9886166666666666
0.9887333333333332
0.989
0.9891
0.9888500000000001
0.9892833333333334
0.9890000000000002
0.9896166666666666
0.9892833333333334
0.9895999999999999
0.9895999999999999
0.9898166666666667
0.9897166666666667
0.9899166666666667
0.9899333333333334
0.99015
0.9897833333333335
0.9902666666666667
0.9900666666666665
0.9903666666666667
0.9904166666666668
0.9904666666666667
0.9904166666666666
0.9904999999999999
