0.10653333333333333
0.10916666666666665
0.11018333333333336
0.11095000000000001
0.11141666666666666
0.11215000000000001
0.11366666666666668
0.11495000000000001
0.11385
0.11645000000000001
0.11761666666666666
0.11803333333333337
0.12109999999999999
0.12193333333333332
0.12508333333333332
0.1272
0.12978333333333336
0.1416166666666667
0.1829333333333333
0.24076666666666668
0.31118333333333337
0.4256666666666667
0.5093833333333333
0.5814333333333334
0.65005
0.6989333333333335
0.7270500000000001
0.7462833333333333
0.7593500000000001
0.7708833333333334
0.7823666666666665
0.79345
0.8052666666666668
0.8153500000000001
0.8241333333333335
0.8329666666666666
0.8379333333333333
0.8437666666666668
0.8487
0.85135
0.8560000000000002
0.8602333333333333
0.8635833333333333
0.8677499999999999
0.8727833333333335
0.8762666666666666
0.8789833333333333
0.8829333333333332
0.8846333333333334
0.8874666666666667
0.8884833333333333
0.8910333333333332
0.8932333333333333
0.8947499999999998
0.8964166666666666
0.8983833333333333
0.8995833333333333
0.9010333333333332
0.9018333333333333
0.9043
0.9056000000000001
0.9067833333333333
0.9084
0.9092499999999998
0.9108999999999999
0.9122166666666667
0.9130333333333334
0.9136166666666666
0.9153666666666666
0.9160333333333334
0.9171833333333334
0.9176166666666669
0.9189333333333334
0.9199833333333333
0.9202500000000001
0.9216166666666666
0.9224333333333332
0.9228
0.9240499999999999
0.9244833333333334
0.9258166666666665
0.9263666666666666
0.9269833333333333
0.9280833333333333
0.9288833333333333
0.9297666666666666
0.9305166666666665
0.9314
0.9323166666666666
0.9330333333333334
0.93305
0.9345333333333331
0.9352166666666667
0.9364666666666667
0.9371333333333332
0.9375166666666668
0.9382333333333333
0.9390833333333332
0.9391166666666667
0.9403666666666667
0.9409833333333335
0.9414333333333333
0.9425499999999999
0.9427166666666666
0.9430666666666667
0.9440666666666666
0.94455
0.9445833333333332
0.9457833333333334
0.9466
0.9468833333333334
0.9474833333333335
0.94785
0.9484
0.9490333333333334
0.9495
0.9498833333333333
0.9506166666666668
0.9506833333333332
0.9511166666666667
0.9517666666666665
0.9521833333333333
0.95315
0.9533666666666666
0.9531666666666667
0.9539
0.9541999999999998
0.9546333333333333
0.9546
0.9554999999999999
0.9558166666666666
0.9560166666666667
0.9563499999999999
0.9569166666666667
0.9569666666666666
0.9570499999999998
0.9576999999999999
0.9580000000000001
0.9586333333333332
0.9585666666666669
0.9589833333333332
0.9596666666666667
0.9596999999999998
0.9600166666666667
0.96035
0.9609166666666665
0.9607999999999999
0.9613999999999999
0.9612833333333333
0.9616000000000001
0.9619333333333332
0.9622499999999997
0.9627166666666667
0.96285
0.9633833333333333
0.9638333333333332
0.9635500000000001
0.9640666666666666
0.9646166666666668
0.9646
0.96455
0.9652666666666666
0.9651
0.9654333333333334
0.9659666666666665
0.9661666666666666
0.9662166666666665
0.9665666666666667
0.9669666666666666
0.9676833333333333
0.9671833333333332
0.9673833333333333
0.9676
0.9682499999999999
0.9682000000000001
0.9689166666666668
0.9690333333333333
0.9692500000000001
0.9693333333333333
0.9698333333333332
0.9700166666666666
0.9698500000000001
0.97065
0.9707499999999999
0.9707833333333334
0.9704999999999999
0.9710166666666668
0.9715333333333332
0.9718499999999999
0.9721166666666666
0.9720166666666666
0.9724833333333334
0.9725166666666666
0.9726666666666666
0.9730500000000001
0.97335
0.9731833333333334
0.9735333333333335
0.9738000000000001
0.97375
