0.9220666666666667
0.9458166666666666
0.9518166666666668
0.9565333333333333
0.9592166666666665
0.96215
0.9642
0.9657666666666667
0.9675333333333332
0.9685166666666665
0.9696333333333332
0.9708333333333332
0.9718833333333334
0.9724666666666666
0.9732
0.9743
0.9745333333333334
0.9752333333333333
0.9758
0.9764
0.9767166666666666
0.9773499999999999
0.9777833333333333
0.9786666666666668
0.9789833333333332
0.97955
0.9795666666666666
0.9802
0.9807333333333332
0.9810500000000001
0.9814000000000002
0.9820333333333332
0.98175
0.9824833333333335
0.9825666666666667
0.9830333333333333
0.9831666666666666
0.9833333333333334
0.9838333333333332
0.9841666666666667
0.9839999999999999
0.9850333333333333
0.9848166666666666
0.9852166666666667
0.9856833333333332
0.9853666666666667
0.9856999999999999
0.98605
0.9863666666666667
0.9865333333333334
0.98685
0.9868333333333333
0.9871499999999999
0.9875166666666667
0.9875666666666668
0.9875833333333333
0.9878333333333332
0.9879833333333332
0.9880666666666668
0.9883166666666666
0.9886333333333334
0.9886666666666666
0.9887833333333332
0.9890166666666668
0.9892666666666666
0.98965
0.98955
0.9899
0.9898666666666668
0.9898666666666666
0.9901666666666668
0.9905
0.9904833333333333
0.9908666666666667
0.9908833333333334
0.9906333333333333
0.9912500000000001
0.9912
0.9911833333333333
0.9915666666666666
0.9916333333333335
0.99145
0.9917500000000001
0.9916333333333335
0.9923500000000001
0.9921666666666668
0.9923000000000001
0.9926166666666668
0.9925166666666668
0.9929000000000001
0.9928
0.9931833333333334
0.993
0.9932166666666667
0.9935333333333333
0.9933666666666667
0.9935166666666667
0.9935499999999999
0.9939166666666667
0.9941666666666666
0.9939333333333334
0.9941166666666668
0.9943833333333334
0.9942166666666669
0.9944500000000001
0.9945
0.9945
0.9946666666666667
0.9948
0.9949666666666667
0.9949500000000001
0.9951
0.9949833333333334
0.9952166666666667
0.9953666666666666
0.9953500000000002
0.9955000000000002
0.9955500000000002
0.9953333333333334
0.9957666666666668
0.9958
0.9958666666666668
0.99575
0.9957666666666668
0.9959666666666666
0.9961500000000002
0.9960166666666667
0.99625
0.9959999999999999
0.9961166666666667
0.9963000000000001
0.9963166666666666
0.9964333333333334
0.9964333333333334
0.9964833333333334
0.99655
0.9967166666666668
0.9966166666666666
0.9969333333333333
0.99675
0.99675
0.9970333333333334
0.9968166666666667
0.9970499999999999
0.9970500000000001
0.9972500000000001
0.9970333333333333
0.9971166666666668
0.9973166666666667
0.9972333333333334
0.9972166666666666
0.9974166666666666
0.9973666666666667
0.99735
0.9974500000000001
0.9973999999999998
0.9975666666666667
0.9975333333333333
0.9977166666666668
0.9976500000000001
0.9976833333333334
0.9977166666666667
0.9976833333333334
0.9978333333333333
0.9978833333333333
0.9977666666666667
0.9979500000000002
0.9979333333333332
0.9977999999999999
0.99795
0.9980833333333332
0.9980833333333333
0.9981333333333332
0.9980833333333333
0.9982833333333335
0.9981833333333333
0.9982166666666666
0.9982666666666667
0.9983166666666666
0.9982333333333333
0.9983166666666667
0.9983000000000001
0.9983333333333334
0.9984166666666666
0.9982666666666665
0.9984666666666667
0.9984833333333335
0.9984833333333333
0.9985666666666669
0.9985
0.9985833333333335
0.9986500000000001
0.9986000000000002
0.9986666666666667
0.9987
0.9987333333333335
0.9987500000000001
0.9987666666666667
0.9988
0.9987499999999999
