0.7492666666666667
0.8878499999999999
0.8935999999999998
0.8980333333333334
0.90155
0.9037166666666666
0.9059
0.9075000000000001
0.9093833333333331
0.9102166666666666
0.9114666666666666
0.9120666666666666
0.9132000000000001
0.9144
0.9148166666666667
0.9154999999999998
0.9165
0.9172666666666666
0.9181499999999999
0.9186833333333334
0.9195833333333332
0.9198166666666667
0.9208333333333333
0.9209833333333335
0.9216666666666667
0.9225
0.9226000000000001
0.923333333333333
0.9235666666666668
0.9247500000000001
0.9250166666666666
0.9247666666666666
0.9255
0.9263499999999999
0.9264499999999999
0.9270666666666667
0.92735
0.9275500000000001
0.9275166666666669
0.9286
0.9281999999999999
0.9290166666666666
0.9290666666666668
0.9297666666666666
0.9297
0.9302
0.9308666666666667
0.9307833333333333
0.9312999999999999
0.9314999999999999
0.9316999999999999
0.9320166666666667
0.9323666666666668
0.9327833333333334
0.9331
0.9334333333333333
0.93335
0.9336833333333333
0.9339
0.9348666666666667
0.9347
0.9349
0.9350166666666667
0.9354666666666667
0.9361666666666667
0.9358999999999998
0.9367166666666668
0.9364500000000001
0.9367
0.9371666666666666
0.9375333333333334
0.93775
0.9378000000000001
0.93765
0.9386666666666666
0.9382833333333335
0.9390000000000001
0.9389
0.9393333333333332
0.9392333333333333
0.9395333333333333
0.9398833333333331
0.9398333333333334
0.9405999999999999
0.9406500000000001
0.9409166666666665
0.94145
0.9413333333333331
0.9417333333333334
0.9417999999999999
0.9418333333333333
0.9423499999999999
0.9422499999999999
0.9422999999999999
0.9428166666666664
0.9431999999999999
0.9434833333333333
0.9436000000000001
0.94385
0.9441
0.9440499999999998
0.94455
0.9448333333333334
0.9445166666666666
0.9452333333333334
0.9455499999999999
0.9453666666666667
0.9454000000000001
0.9459833333333333
0.9461166666666667
0.94625
0.9466166666666666
0.9466833333333332
0.9468499999999999
0.947
0.9471833333333333
0.9474000000000001
0.9475166666666667
0.94775
0.9478166666666666
0.9478999999999999
0.94795
0.9484833333333333
0.9484
0.9483999999999999
0.9486833333333333
0.9490333333333333
0.9490166666666666
0.9493833333333335
0.9495999999999998
0.9496000000000001
0.9497333333333334
0.9496666666666665
0.9501166666666666
0.95005
0.9502999999999999
0.9503
0.9505666666666667
0.9514166666666665
0.9508166666666665
0.9511833333333333
0.9513500000000001
0.9517666666666668
0.9515666666666666
0.9515166666666667
0.9520666666666666
0.9522
0.9523833333333331
0.9524333333333331
0.9522166666666666
0.9526
0.9531166666666668
0.9528666666666665
0.9534333333333334
0.9534166666666666
0.9537166666666664
0.9536333333333333
0.9541000000000001
0.9540166666666664
0.9542999999999999
0.9542666666666667
0.9544666666666667
0.9544833333333332
0.9545
0.9549499999999999
0.9549333333333333
0.9553999999999999
0.955
0.9553833333333334
0.9559333333333333
0.9558499999999999
0.9557333333333332
0.9557833333333333
0.95605
0.9560833333333334
0.9561333333333334
0.9565166666666666
0.9563166666666666
0.9566833333333333
0.9571333333333333
0.9568666666666669
0.9569833333333332
0.9568
0.9569666666666667
0.9574833333333334
0.9573666666666666
0.9576499999999998
0.9576666666666668
0.9575999999999999
0.9578833333333332
0.9579166666666667
0.9581333333333332
0.95845
0.9583833333333333
0.9584166666666666
0.9584000000000001
0.9586333333333332
0.9589500000000001
0.9585499999999999
0.9589166666666665
