0.8419666666666666
0.8400833333333333
0.8444833333333333
0.8487333333333332
0.8512333333333332
0.8527833333333333
0.8551999999999998
0.8577499999999998
0.8584833333333334
0.8600833333333333
0.8616333333333334
0.8632833333333334
0.8638666666666666
0.8661166666666666
0.8665833333333333
0.8676500000000001
0.86915
0.8696999999999999
0.8709000000000001
0.8723000000000001
0.8730999999999999
0.8735166666666667
0.8737833333333334
0.8749166666666667
0.8753500000000001
0.8755833333333333
0.8765
0.8767666666666667
0.8777
0.8785833333333333
0.8792166666666666
0.8794000000000001
0.8798333333333334
0.88075
0.8807166666666668
0.8816
0.8821333333333333
0.8823833333333332
0.8832666666666666
0.8834499999999998
0.8834333333333334
0.8842166666666667
0.8844166666666666
0.8850000000000001
0.8856999999999999
0.8865500000000001
0.8866833333333332
0.8867333333333333
0.8871833333333333
0.8872499999999999
0.8877333333333334
0.8882
0.8887166666666668
0.8891
0.8893666666666666
0.8895
0.8900833333333331
0.8897999999999998
0.8904
0.8910166666666665
0.8911666666666666
0.8911833333333332
0.89175
0.8923000000000001
0.8921666666666667
0.8926666666666666
0.8931999999999999
0.8932333333333334
0.8931666666666668
0.8938
0.8936166666666666
0.8936499999999999
0.8948666666666667
0.8950166666666667
0.8950666666666667
0.8951666666666666
0.8948499999999999
0.8952333333333334
0.8955833333333333
0.8963000000000001
0.8964833333333334
0.89675
0.8962666666666667
0.8974666666666667
0.8975
0.8971833333333333
0.8980333333333334
0.8981166666666667
0.8982500000000001
0.8987166666666666
0.8988
0.8984333333333335
0.89925
0.8993000000000001
0.8992666666666665
0.8997999999999998
0.9000333333333335
0.8998500000000001
0.9001
0.9005833333333332
0.9010833333333333
0.9009166666666667
0.9009999999999999
0.9011666666666668
0.9015166666666664
0.9017666666666666
0.9015666666666666
0.9022
0.9023166666666665
0.9020333333333334
0.9024666666666668
0.9028
0.9029999999999999
0.9030833333333333
0.9035500000000001
0.9035166666666665
0.9036833333333334
0.9036666666666666
0.9038166666666667
0.9037666666666667
0.904283333333333
0.9038999999999998
0.9042166666666667
0.9050666666666668
0.9048000000000002
0.9047833333333334
0.9050666666666668
0.9048333333333334
0.9053499999999999
0.9054833333333332
0.9057999999999998
0.9060000000000001
0.9061166666666667
0.9062
0.9064000000000001
0.9065500000000001
0.9067999999999999
0.9071166666666667
0.9073499999999998
0.9068166666666667
0.9070833333333334
0.9073333333333333
0.9074166666666666
0.9075666666666665
0.9072833333333333
0.9078833333333333
0.9079999999999999
0.9082500000000001
0.9079166666666666
0.9082666666666667
0.9083833333333334
0.9084499999999999
0.9087000000000001
0.9087666666666667
0.9087166666666665
0.9089833333333331
0.9091833333333333
0.9094166666666665
0.9095666666666666
0.9098666666666667
0.9092333333333334
0.91
0.9101666666666666
0.9101666666666667
0.9104
0.9106333333333332
0.9108333333333333
0.9106000000000001
0.9105833333333334
0.9107999999999999
0.9107666666666666
0.9110833333333335
0.9113333333333334
0.9114
0.9115833333333333
0.9115666666666667
0.9115000000000002
0.9115333333333333
0.9117666666666667
0.9123666666666667
0.9120833333333334
0.9119833333333333
0.9120833333333334
0.9123
0.91275
0.9123833333333332
0.9124
0.9129999999999999
0.9127999999999998
0.9128333333333334
0.9132666666666668
0.9132333333333333
0.91345
0.9134833333333333
0.9133666666666667
0.9138666666666668
0.9137666666666667
0.9137166666666667
0.914
0.9137666666666667
