0.16676666666666665
0.20548333333333332
0.28695000000000004
0.5036833333333334
0.6625666666666666
0.7569833333333333
0.8045833333333334
0.8287333333333334
0.8456833333333331
0.8576333333333334
0.8659333333333334
0.8721333333333332
0.87665
0.88075
0.8842
0.8872333333333332
0.8897833333333334
0.8920666666666666
0.89385
0.8951333333333332
0.8971333333333332
0.8981
0.8992999999999999
0.9004333333333333
0.9017500000000002
0.9026333333333332
0.90365
0.9044166666666666
0.9054833333333332
0.906
0.9074166666666668
0.9079333333333333
0.9087666666666666
0.9092166666666666
0.9094166666666667
0.9105166666666666
0.9107666666666666
0.9118833333333334
0.9124333333333334
0.9128666666666666
0.91315
0.91375
0.914
0.9148999999999998
0.9154666666666665
0.9159
0.9161
0.9167166666666665
0.9165166666666664
0.9172666666666666
0.91825
0.9189166666666666
0.9185000000000002
0.9193333333333334
0.9194166666666669
0.9199666666666667
0.9204666666666667
0.9204499999999999
0.9208333333333334
0.9218333333333333
0.9215833333333333
0.9221499999999999
0.9226833333333332
0.9229666666666668
0.9233500000000001
0.9238833333333334
0.9238833333333333
0.9248333333333334
0.9252333333333335
0.9254500000000001
0.9258166666666668
0.9260166666666666
0.9268333333333333
0.9266999999999999
0.92745
0.9278499999999998
0.9283
0.9283
0.92905
0.92935
0.9292833333333334
0.9302166666666666
0.9305166666666667
0.9306833333333332
0.93125
0.93145
0.9318666666666666
0.9324833333333333
0.9327
0.9329500000000001
0.9334166666666667
0.9337833333333334
0.9343666666666667
0.9344833333333334
0.9349000000000002
0.9352
0.9359666666666665
0.9364166666666667
0.9362333333333331
0.9367333333333333
0.9368166666666666
0.9373333333333335
0.9374666666666668
0.9382833333333335
0.9380499999999999
0.9391166666666666
0.9390166666666667
0.9391166666666665
0.9397333333333333
0.94
0.9405
0.9405833333333332
0.9406166666666667
0.9409333333333333
0.9415333333333334
0.9420166666666666
0.9421499999999999
0.9423666666666666
0.9423333333333334
0.9428833333333334
0.9430666666666667
0.9430499999999999
0.9436166666666668
0.94395
0.9443166666666666
0.9441666666666667
0.9446499999999999
0.9448499999999999
0.94515
0.9457166666666666
0.9456166666666667
0.9461833333333334
0.9466000000000001
0.9467
0.9468333333333333
0.9468666666666666
0.9472666666666666
0.9472833333333331
0.9471666666666666
0.9478166666666666
0.94815
0.9482666666666666
0.9485833333333332
0.9487333333333333
0.9492499999999998
0.9489166666666667
0.9495166666666665
0.9496833333333333
0.9495333333333335
0.9498000000000001
0.9504
0.95025
0.9505333333333335
0.9509166666666665
0.9511333333333334
0.9514166666666667
0.9514999999999998
0.9515166666666667
0.9520833333333333
0.9522666666666666
0.9528666666666666
0.9524833333333335
0.9525
0.9531
0.9529166666666665
0.9535333333333335
0.9533833333333331
0.9535999999999999
0.9540500000000001
0.9541833333333334
0.9544666666666665
0.9543833333333334
0.9545333333333331
0.9546999999999999
0.9547666666666667
0.9556
0.9553333333333333
0.9554833333333334
0.9561166666666666
0.9561333333333334
0.9559500000000002
0.9560333333333332
0.9565333333333332
0.9568666666666665
0.956683333333333
0.9575
0.9576333333333334
0.95755
0.9577499999999999
0.9577
0.9578500000000001
0.9581333333333334
0.9582666666666665
0.9584333333333332
0.9586999999999999
0.9586999999999998
0.9590333333333333
0.9589333333333331
0.9591999999999999
0.9595333333333333
