0.9002499999999999
0.91845
0.9254333333333334
0.93025
0.9335333333333334
0.9365166666666666
0.9389500000000002
0.9410666666666666
0.9433833333333332
0.9456166666666667
0.9468166666666669
0.9490333333333331
0.9505166666666668
0.9512
0.9522166666666666
0.9531666666666664
0.9545833333333333
0.95545
0.9556666666666667
0.9569333333333333
0.9575499999999999
0.9585833333333332
0.9595666666666668
0.9600333333333334
0.9603
0.9613999999999999
0.9622333333333333
0.9625499999999998
0.9629499999999999
0.9639000000000001
0.9638833333333333
0.9646333333333333
0.96495
0.9654333333333334
0.9662333333333333
0.9666333333333333
0.9667499999999999
0.9668166666666665
0.96745
0.9676999999999999
0.9679666666666665
0.9685333333333332
0.9686666666666666
0.9691333333333332
0.96965
0.9701666666666667
0.9700666666666667
0.9709666666666666
0.9704999999999999
0.9710999999999999
0.9712999999999998
0.9714333333333331
0.9720333333333332
0.972
0.9721833333333332
0.9726166666666666
0.9726333333333333
0.973
0.9735333333333333
0.9735666666666664
0.9737833333333333
0.9740666666666664
0.9744000000000002
0.9747166666666667
0.9747833333333332
0.9745500000000001
0.9748666666666668
0.9751166666666666
0.9752999999999998
0.9757333333333332
0.9759666666666664
0.9764166666666664
0.9760833333333333
0.9766499999999998
0.9769500000000001
0.9768333333333333
0.9769500000000001
0.9771166666666665
0.9775
0.9781
0.9778833333333333
0.9775166666666665
0.9785666666666667
0.9779
0.9780166666666666
0.9788166666666668
0.9784833333333333
0.9786166666666668
0.9785666666666666
0.9791500000000001
0.9792333333333333
0.9792833333333332
0.9797333333333333
0.9794666666666666
0.9796666666666666
0.9797333333333333
0.9799166666666667
0.9799333333333333
0.9801333333333333
0.9803000000000001
0.9803333333333333
0.9804166666666667
0.9806499999999999
0.9804166666666667
0.9808833333333332
0.98075
0.9809166666666665
0.9813333333333333
0.9811833333333332
0.9811166666666665
0.9810666666666666
0.9815666666666667
0.9814833333333334
0.9816666666666666
0.9816166666666667
0.9818500000000001
0.9821166666666667
0.9824
0.9821000000000001
0.9824499999999999
0.9825666666666667
0.9827333333333333
0.9824999999999998
0.9824833333333333
0.9825499999999999
0.9827666666666667
0.9828333333333332
0.9831500000000001
0.9833333333333333
0.9833500000000001
0.9835833333333333
0.9834
0.9835499999999998
0.9836666666666666
0.9835333333333334
0.9838166666666667
0.9837833333333332
0.9839666666666665
0.9838833333333331
0.98405
0.9842333333333334
0.9837166666666666
0.9841666666666667
0.9843999999999999
0.9843166666666666
0.9845
0.9847166666666668
0.9846833333333332
0.9849166666666668
0.9848499999999999
0.9847166666666666
0.9848500000000001
0.9851166666666668
0.9850166666666668
0.9852833333333333
0.9852333333333334
0.9853833333333334
0.9855499999999999
0.9855
0.9855166666666667
0.9854999999999999
0.9857666666666667
0.9858333333333333
0.9859333333333334
0.9857999999999999
0.9857666666666667
0.9859000000000001
0.9860666666666668
0.9860500000000001
0.9860166666666669
0.9859666666666665
0.9857666666666666
0.9866
0.98625
0.98645
0.9863333333333332
0.9866666666666668
0.9866333333333333
0.9866166666666668
0.9865166666666664
0.9868833333333332
0.9867666666666666
0.9867833333333333
0.9868666666666668
0.9869833333333334
0.9869166666666667
0.9871
0.9869333333333334
0.9871666666666666
0.9874333333333333
0.9873
0.9874333333333333
0.9875999999999999
0.9874666666666666
0.9875833333333333
0.9875166666666666
0.9876666666666666
0.9875666666666666
0.9873999999999999
0.98785
