0.6513999999999999
0.8342666666666667
0.8669166666666667
0.8803166666666667
0.8887499999999999
0.8945333333333334
0.8998666666666666
0.9036333333333334
0.9066999999999998
0.9086000000000002
0.9113000000000001
0.9131833333333333
0.9150000000000001
0.9157500000000001
0.9173333333333332
0.9181166666666666
0.9196666666666666
0.92055
0.9217666666666666
0.9226333333333335
0.9236166666666668
0.9244666666666667
0.9249166666666665
0.9253999999999998
0.9259499999999999
0.9266500000000001
0.9276000000000001
0.92785
0.9285833333333334
0.9287833333333332
0.9295000000000001
0.9295166666666667
0.9299666666666667
0.9303833333333332
0.9306333333333333
0.9313333333333333
0.9318500000000002
0.9315166666666667
0.9319500000000001
0.9325833333333332
0.9330499999999998
0.9332833333333334
0.9334333333333332
0.9344
0.9344833333333332
0.9346
0.9348666666666667
0.9350833333333334
0.9353333333333333
0.9355666666666665
0.9361999999999999
0.9362166666666667
0.9363666666666667
0.9366666666666666
0.9373999999999999
0.9371833333333334
0.9376166666666667
0.9379333333333332
0.9377666666666666
0.9381166666666666
0.9384833333333334
0.9389166666666667
0.9388500000000001
0.9393500000000001
0.9397166666666666
0.9398000000000001
0.9397833333333333
0.9401666666666665
0.9402500000000001
0.9406
0.94115
0.9411833333333335
0.9410999999999999
0.9413166666666667
0.9417833333333333
0.9419333333333332
0.9420999999999999
0.9421833333333334
0.9422999999999999
0.9426166666666665
0.9430833333333334
0.9432333333333331
0.9435333333333333
0.9432666666666667
0.9437666666666665
0.9439666666666667
0.9438833333333334
0.9441
0.9445166666666668
0.9444000000000002
0.9447833333333332
0.9446166666666667
0.9449999999999998
0.9451666666666667
0.9451333333333333
0.9453
0.9451666666666666
0.9457166666666666
0.9454499999999998
0.94575
0.9460500000000002
0.9459666666666666
0.9463166666666667
0.9466333333333332
0.9465500000000001
0.9468333333333333
0.9467500000000002
0.9472
0.9475333333333332
0.9476833333333333
0.9474999999999998
0.9477166666666667
0.9477833333333333
0.9481666666666667
0.9482499999999999
0.9482333333333332
0.9485666666666667
0.9487666666666666
0.9488166666666666
0.9488166666666665
0.9489000000000001
0.9489666666666666
0.9495166666666668
0.9493666666666667
0.9498666666666667
0.94985
0.9496833333333332
0.9497333333333332
0.9501833333333334
0.9502666666666667
0.9504666666666667
0.9504166666666668
0.9505499999999999
0.9504833333333332
0.9506833333333332
0.9509499999999999
0.9510833333333334
0.9511499999999998
0.9513666666666665
0.9512166666666667
0.9513666666666668
0.9515166666666667
0.9518166666666668
0.9519666666666667
0.9519166666666666
0.9521000000000001
0.9522833333333334
0.9524333333333335
0.9524166666666666
0.9528166666666665
0.9527166666666665
0.9528166666666666
0.9529500000000001
0.9528666666666666
0.9532333333333333
0.9534166666666666
0.9533166666666667
0.9531000000000001
0.9534500000000001
0.9535
0.9536833333333335
0.9536166666666666
0.9536666666666669
0.9541
0.95425
0.95445
0.9544166666666665
0.9542499999999999
0.9545666666666667
0.9546166666666666
0.9548333333333332
0.9548000000000001
0.9548166666666668
0.9554
0.9549500000000001
0.9553833333333334
0.9552666666666666
0.9552166666666667
0.9554499999999999
0.95565
0.9554333333333332
0.9558166666666668
0.9561333333333334
0.9558833333333331
0.9556666666666666
0.9563
0.9560333333333332
0.9562166666666667
0.9563
0.9564166666666667
0.9565
0.9566
0.9566666666666666
0.9569
0.9569000000000001
0.9569333333333332
0.9569166666666665
0.9569
0.9572999999999999
0.9569833333333332
