0.7713833333333334
0.7977500000000001
0.8082833333333332
0.8217833333333333
0.8292666666666667
0.8378500000000001
0.8437333333333333
0.84795
0.8522166666666667
0.8557833333333332
0.8591500000000001
0.8613333333333334
0.8641333333333333
0.8661500000000001
0.8692833333333333
0.8707166666666667
0.8720833333333334
0.8736333333333333
0.8751333333333334
0.8764500000000001
0.8787166666666667
0.8796666666666666
0.8817833333333334
0.8833666666666667
0.8844499999999998
0.8869000000000001
0.8877666666666665
0.88875
0.8900166666666666
0.8908
0.8922500000000001
0.8925000000000001
0.8938833333333333
0.8938666666666667
0.8946833333333335
0.8955666666666665
0.8963333333333333
0.8969666666666666
0.8973666666666666
0.8981500000000001
0.89925
0.8994666666666666
0.9004
0.90105
0.9011
0.9017666666666667
0.9027333333333333
0.9032666666666666
0.90345
0.9040666666666665
0.9043333333333333
0.9048000000000002
0.9057166666666667
0.9058666666666667
0.9067500000000001
0.9070333333333332
0.9072166666666664
0.90765
0.9083500000000001
0.9084500000000001
0.9085666666666667
0.9089833333333334
0.9098666666666667
0.9096000000000001
0.9100166666666666
0.9107333333333334
0.9105333333333333
0.9113333333333333
0.9113333333333333
0.9114833333333334
0.9121000000000001
0.9120666666666667
0.9127166666666667
0.9127166666666667
0.9131833333333333
0.9130000000000001
0.9134166666666665
0.9141333333333334
0.9141499999999999
0.9144000000000001
0.91425
0.9150166666666667
0.9147666666666666
0.9149666666666666
0.9152166666666667
0.9153833333333333
0.9154666666666667
0.9159833333333335
0.9161166666666666
0.9163166666666666
0.9163833333333334
0.9169333333333333
0.9166499999999999
0.9171666666666667
0.9167166666666667
0.9177
0.9179833333333333
0.9179333333333335
0.9181
0.9181166666666667
0.9185666666666666
0.91845
0.9191666666666666
0.9188999999999999
0.9192999999999999
0.9192833333333331
0.9200499999999999
0.9193166666666666
0.9205
0.9202
0.9205
0.9207833333333332
0.9209666666666666
0.9209999999999999
0.9210333333333334
0.9211666666666667
0.9214666666666665
0.9221499999999999
0.9220833333333333
0.92205
0.9222833333333332
0.9229666666666666
0.9224833333333332
0.9228333333333333
0.9234999999999999
0.9234166666666664
0.9234499999999999
0.9242
0.9238666666666667
0.9238666666666667
0.92435
0.9246500000000001
0.9243333333333333
0.9247833333333334
0.9247500000000001
0.9248999999999999
0.9252166666666667
0.9255166666666664
0.9255833333333334
0.9256000000000001
0.9260333333333333
0.92605
0.9262499999999999
0.9264000000000001
0.9265833333333333
0.92665
0.926716666666667
0.9269166666666667
0.9269499999999997
0.9272166666666667
0.9273666666666668
0.9277833333333333
0.9279166666666666
0.9278833333333334
0.9278833333333334
0.9285166666666665
0.9284
0.9279333333333334
0.9286833333333333
0.9287999999999998
0.9288666666666666
0.9290833333333333
0.9290666666666666
0.9292500000000001
0.9292833333333334
0.9299499999999998
0.9300666666666668
0.92975
0.9302666666666667
0.9299333333333334
0.9303833333333335
0.93045
0.9305666666666665
0.9304166666666666
0.9306666666666666
0.9311000000000001
0.9308666666666667
0.9311999999999999
0.9317166666666669
0.9313333333333333
0.9318833333333334
0.9319833333333333
0.93185
0.9320999999999998
0.9324666666666667
0.9322666666666667
0.93215
0.9324666666666667
0.9328833333333332
0.9326833333333332
0.9328833333333334
0.9333499999999999
0.93325
0.9331
0.9337166666666666
0.9335
0.9332999999999999
0.93375
0.9337166666666668
0.9338000000000002
