0.6998000000000001
0.8016333333333332
0.8507666666666668
0.8687666666666667
0.8766333333333333
0.8819833333333333
0.8859333333333335
0.8887166666666667
0.89255
0.8949000000000001
0.8971
0.8998833333333334
0.9020499999999999
0.9037333333333333
0.9058
0.9077333333333332
0.9093
0.9107500000000001
0.9117833333333333
0.9128666666666668
0.9138999999999999
0.91465
0.9154499999999999
0.9163
0.91725
0.9170333333333334
0.91785
0.9187166666666666
0.9190666666666666
0.9197500000000001
0.9199666666666667
0.9203666666666667
0.9212333333333333
0.9216666666666665
0.9224333333333335
0.9226
0.9225833333333332
0.92385
0.9240833333333334
0.9240166666666668
0.9248
0.92525
0.9255333333333334
0.9257833333333331
0.9262333333333332
0.9267166666666666
0.9270666666666667
0.9273333333333333
0.9273833333333332
0.92785
0.9282666666666666
0.9285666666666668
0.9288333333333333
0.9288166666666665
0.9289166666666665
0.9292499999999998
0.9296833333333332
0.9297666666666666
0.9302666666666667
0.9305500000000001
0.9304833333333334
0.9310833333333334
0.9315833333333333
0.9311833333333334
0.9317500000000001
0.9318999999999998
0.9323166666666669
0.9326666666666666
0.9324
0.9327666666666666
0.9331666666666666
0.9333833333333333
0.9337499999999999
0.9346666666666668
0.9339833333333334
0.9346666666666666
0.9345666666666665
0.9348666666666667
0.9352
0.9354833333333334
0.9354833333333331
0.9361166666666669
0.9359333333333333
0.9360333333333334
0.9366333333333334
0.9366333333333334
0.93695
0.9371166666666667
0.9369166666666665
0.9372166666666667
0.9372666666666666
0.9376000000000001
0.9377499999999999
0.9375166666666667
0.9377666666666665
0.938133333333333
0.9384
0.9381333333333335
0.9386166666666664
0.9386333333333332
0.9386500000000001
0.9388333333333333
0.9389666666666666
0.9390333333333335
0.9394
0.9394833333333334
0.9398166666666667
0.9400333333333334
0.9399333333333336
0.9399833333333335
0.9400833333333333
0.9404333333333331
0.9403333333333332
0.9402499999999999
0.9404666666666666
0.9406500000000001
0.9405833333333334
0.9410999999999999
0.9411666666666666
0.9409333333333335
0.9411333333333333
0.9414333333333333
0.94155
0.9413499999999999
0.9415833333333333
0.9419
0.94175
0.9418666666666667
0.9422999999999999
0.9419666666666666
0.9420666666666667
0.9426500000000001
0.9426999999999999
0.94285
0.9426166666666668
0.9429666666666666
0.94305
0.94305
0.9435499999999998
0.9431166666666666
0.9434166666666667
0.9436166666666668
0.9436333333333334
0.9434166666666667
0.9437833333333333
0.9438333333333332
0.9439500000000001
0.9440833333333334
0.9440499999999998
0.94455
0.9446499999999999
0.9444666666666667
0.9445166666666666
0.9445
0.9445
0.9447999999999999
0.9447166666666665
0.9448833333333333
0.9453999999999999
0.9449666666666667
0.9453833333333334
0.9454333333333335
0.9453666666666667
0.9454166666666666
0.94565
0.9457833333333333
0.9458333333333333
0.9461666666666666
0.9460166666666666
0.9459333333333332
0.9459666666666666
0.9463166666666667
0.9461166666666667
0.9463166666666667
0.9466833333333334
0.9464999999999999
0.9468333333333333
0.9469666666666666
0.9469499999999998
0.9469833333333334
0.9471666666666666
0.9471833333333333
0.9470833333333334
0.94755
0.9472166666666667
0.9478
0.9475333333333334
0.9478500000000002
0.94765
0.9481833333333333
0.9479333333333333
0.9481333333333333
0.9479333333333333
0.9482833333333333
0.9485000000000001
0.9486666666666669
0.9487000000000001
0.9486166666666666
0.949
0.9490333333333334
