0.10928333333333334
0.11258333333333333
0.1118
0.11071666666666667
0.11111666666666666
0.11010000000000002
0.11230000000000001
0.11216666666666668
0.11218333333333332
0.11018333333333334
0.11121666666666667
0.11145000000000001
0.11056666666666669
0.11186666666666667
0.11108333333333335
0.11183333333333334
0.11238333333333334
0.11218333333333334
0.11180000000000001
0.11249999999999999
0.11258333333333335
0.113
0.11243333333333334
0.11306666666666669
0.11225
0.11433333333333333
0.11404999999999998
0.11473333333333334
0.11488333333333334
0.11405
0.11386666666666666
0.11639999999999999
0.11803333333333332
0.11856666666666667
0.11811666666666666
0.1218
0.12493333333333334
0.12773333333333334
0.1304
0.13286666666666666
0.14113333333333333
0.16055
0.17658333333333334
0.1990166666666667
0.2161666666666667
0.2304166666666667
0.23681666666666668
0.24478333333333332
0.2600333333333333
0.28063333333333335
0.3030333333333333
0.31996666666666673
0.3423833333333333
0.3612499999999999
0.3812166666666666
0.40080000000000005
0.41985
0.4442833333333333
0.4611
0.4811
0.5028499999999999
0.5239166666666667
0.5491166666666666
0.5677833333333333
0.5878500000000001
0.6088833333333333
0.6264833333333334
0.6429
0.6580666666666666
0.6680833333333333
0.6816666666666666
0.6925333333333333
0.7004333333333334
0.7068166666666666
0.7128
0.7198833333333332
0.7262833333333333
0.7297166666666666
0.7359333333333332
0.7384499999999999
0.7438000000000001
0.7462
0.7516833333333333
0.7545166666666666
0.7581666666666665
0.7603666666666667
0.7640666666666666
0.7684666666666667
0.7709
0.7738999999999999
0.7780166666666667
0.7806666666666668
0.78395
0.7885666666666666
0.7910499999999999
0.7942499999999999
0.7967666666666665
0.8002833333333333
0.8038166666666667
0.8072333333333334
0.8101666666666666
0.8134333333333332
0.8167333333333334
0.8198833333333333
0.8224166666666665
0.8256166666666666
0.8277
0.8300500000000001
0.8318666666666666
0.8340666666666666
0.8363999999999999
0.8384666666666666
0.8401833333333335
0.8418500000000001
0.8436166666666667
0.8457333333333333
0.8476166666666668
0.8490833333333333
0.85065
0.8520833333333333
0.8539
0.8555999999999999
0.85665
0.8579166666666667
0.8598666666666667
0.86115
0.8625000000000002
0.8640666666666665
0.8653666666666667
0.8661499999999999
0.8681500000000001
0.8693500000000002
0.8704333333333336
0.8717500000000001
0.87265
0.8737333333333334
0.8751000000000001
0.87615
0.8780166666666668
0.8784833333333335
0.8796666666666667
0.8809500000000002
0.8819666666666667
0.883
0.8838666666666666
0.8852333333333334
0.8861000000000002
0.88755
0.8888333333333334
0.8892500000000001
0.8905166666666666
0.8910666666666667
0.8922666666666667
0.8930333333333333
0.8938333333333334
0.8949833333333334
0.89515
0.8964166666666665
0.8965000000000001
0.8978333333333333
0.8987666666666668
0.8991833333333333
0.9000499999999999
0.9006833333333334
0.9017
0.9022499999999999
0.9030833333333333
0.9035333333333334
0.9045666666666666
0.9049166666666667
0.9054666666666668
0.9059833333333333
0.9063833333333333
0.9073000000000001
0.9076166666666667
0.9085166666666668
0.9091
0.9094166666666665
0.90955
0.9103666666666669
0.9108666666666667
0.9116666666666666
0.9125000000000001
0.9127499999999998
0.91325
0.9129999999999998
0.9139
0.9144666666666666
0.9156333333333332
0.9154333333333332
0.9162000000000002
0.9166166666666667
0.9169333333333333
0.9173333333333332
0.9181166666666667
0.9183333333333331
0.9187833333333333
0.9190166666666667
0.9196666666666666
0.9199333333333332
