0.4712166666666667
0.6976666666666668
0.7582999999999999
0.8034166666666667
0.83635
0.8577166666666666
0.8734333333333333
0.8866666666666667
0.8956833333333334
0.9029999999999999
0.9083166666666666
0.9136999999999998
0.9183499999999999
0.9226166666666668
0.9239
0.92695
0.9291666666666668
0.9310499999999999
0.9322999999999998
0.9341166666666664
0.9347166666666666
0.9363000000000001
0.9375
0.9386999999999999
0.9390833333333334
0.9396333333333334
0.9405333333333333
0.9411166666666667
0.9415666666666666
0.9420166666666666
0.9428333333333333
0.9434499999999999
0.9434833333333333
0.9443500000000001
0.9450166666666666
0.9451499999999999
0.9459
0.9465333333333333
0.9464666666666667
0.9475833333333332
0.9478833333333333
0.9483833333333332
0.9490166666666666
0.9491166666666667
0.9498000000000001
0.95005
0.9502166666666666
0.9508499999999999
0.95105
0.9514333333333336
0.9515833333333333
0.9520999999999997
0.95235
0.9530500000000001
0.9527000000000001
0.95295
0.9537666666666667
0.9538666666666669
0.9542333333333334
0.9542000000000002
0.9548166666666668
0.9545999999999998
0.9550666666666667
0.9553333333333333
0.9560333333333334
0.9558666666666666
0.9560166666666666
0.9568333333333333
0.9567500000000001
0.9570333333333334
0.9572833333333333
0.9573833333333331
0.9579333333333334
0.9578333333333332
0.9578833333333333
0.9585666666666666
0.9586
0.9589999999999997
0.95885
0.9591833333333333
0.9593166666666667
0.9600000000000001
0.9599333333333333
0.9601833333333333
0.9599666666666667
0.9601833333333335
0.9605166666666665
0.9610666666666668
0.9608666666666666
0.9612333333333334
0.9615333333333335
0.9614333333333334
0.9613666666666667
0.96175
0.9620333333333333
0.9624166666666666
0.9624333333333331
0.9624166666666666
0.9625166666666666
0.9628333333333333
0.9630333333333333
0.9628333333333332
0.9631999999999997
0.9636666666666666
0.9638666666666665
0.9638833333333331
0.9643000000000002
0.9641666666666665
0.9641333333333333
0.9646333333333331
0.9645999999999999
0.9646666666666666
0.9646499999999999
0.9652999999999999
0.9649833333333334
0.9648499999999999
0.9651833333333334
0.96525
0.9653999999999999
0.9656833333333333
0.96585
0.9659833333333334
0.96555
0.9661333333333334
0.9662833333333333
0.9660000000000001
0.9662999999999999
0.9665
0.9667
0.9665666666666665
0.9665500000000001
0.9666333333333332
0.9674
0.9672166666666667
0.9670166666666667
0.9673000000000002
0.9673666666666668
0.9676999999999999
0.9676666666666667
0.9677833333333332
0.9679333333333332
0.9676666666666667
0.9683333333333334
0.9681166666666666
0.9681333333333333
0.9682333333333334
0.9685999999999999
0.9686666666666666
0.9685833333333332
0.9688666666666667
0.9688999999999998
0.9689
0.9689
0.9690666666666669
0.9692833333333333
0.9691666666666664
0.9694333333333333
0.9696500000000001
0.9694833333333333
0.9697833333333333
0.9697499999999999
0.9699666666666666
0.96995
0.9698999999999999
0.9702666666666665
0.9703166666666667
0.9703
0.9706333333333332
0.9704166666666665
0.97065
0.9706333333333333
0.9708166666666668
0.9708833333333331
0.9712166666666665
0.9711833333333333
0.9713166666666666
0.9714166666666665
0.9712500000000001
0.9716833333333333
0.9715333333333334
0.9714833333333334
0.97195
0.9719166666666665
0.97205
0.9724166666666667
0.9720999999999999
0.9721666666666667
0.9725666666666665
0.9726833333333333
0.9724333333333334
0.9730500000000001
0.9725166666666666
0.9728833333333333
0.9727166666666668
0.9730333333333333
0.9730666666666669
0.9731666666666667
0.9731333333333332
0.9730499999999999
0.9732
