0.17408333333333334
0.27081666666666665
0.4784166666666667
0.6337666666666667
0.7411166666666666
0.7964000000000001
0.8232500000000001
0.8400333333333333
0.8526166666666667
0.8622833333333332
0.8678666666666667
0.8735499999999998
0.8777333333333334
0.8812833333333333
0.8840833333333334
0.8866333333333335
0.8886499999999998
0.8915666666666667
0.8931
0.8946166666666667
0.8959666666666667
0.8974333333333333
0.8986000000000001
0.8997333333333333
0.9006
0.9016000000000001
0.9029166666666666
0.9038999999999998
0.9045500000000001
0.9055666666666666
0.9060333333333334
0.9071166666666669
0.9076000000000001
0.90855
0.9093
0.9099499999999999
0.9107333333333334
0.9112666666666667
0.91195
0.9121166666666666
0.9133166666666668
0.9134333333333334
0.9146166666666667
0.9151166666666669
0.9154666666666667
0.9156166666666667
0.9161333333333332
0.9167
0.9172666666666666
0.9174833333333332
0.9184333333333333
0.9181166666666667
0.9188166666666667
0.9198166666666667
0.9197499999999997
0.9201666666666667
0.9210166666666666
0.9218500000000001
0.9220166666666666
0.9223666666666667
0.92295
0.9237000000000001
0.9241166666666668
0.9240666666666667
0.9249833333333332
0.9251666666666666
0.92565
0.9260166666666668
0.9264
0.92705
0.9273666666666666
0.9281833333333332
0.9286666666666665
0.9287
0.9291333333333335
0.9297666666666666
0.9301
0.9302666666666667
0.93095
0.9316999999999999
0.9319000000000001
0.9324666666666667
0.9330999999999999
0.9329500000000001
0.9335166666666667
0.9340166666666665
0.9341833333333333
0.9351666666666666
0.9354833333333334
0.9358166666666666
0.9356499999999999
0.9363333333333332
0.9366333333333333
0.9373333333333335
0.9375333333333332
0.9378666666666665
0.9384333333333332
0.9385166666666667
0.9393666666666669
0.9393666666666666
0.9401
0.9399666666666665
0.9404333333333333
0.9407999999999999
0.94075
0.9416666666666668
0.9418666666666667
0.9426833333333334
0.9424999999999999
0.94335
0.9429666666666668
0.9434166666666667
0.9440166666666667
0.9442499999999999
0.9443499999999999
0.9450499999999998
0.9449666666666666
0.9457833333333334
0.9458500000000001
0.94625
0.94645
0.9467833333333333
0.9473000000000001
0.9476
0.9475333333333332
0.9478
0.9483666666666667
0.9482666666666667
0.949
0.9492166666666665
0.94935
0.9494500000000001
0.9498833333333332
0.9502666666666665
0.9501333333333332
0.9504499999999999
0.9511166666666666
0.9512666666666666
0.9513499999999998
0.9517000000000001
0.9522666666666666
0.9520166666666667
0.9523833333333335
0.9525999999999998
0.9526333333333333
0.9530166666666666
0.9535333333333332
0.9534833333333332
0.95395
0.9538833333333332
0.9542166666666666
0.9541833333333333
0.9550333333333332
0.9546833333333332
0.9550833333333334
0.9553666666666666
0.9553666666666666
0.9559166666666665
0.9558833333333331
0.956
0.9559000000000001
0.9566666666666667
0.9565
0.9571
0.9567333333333332
0.9570500000000001
0.9574166666666667
0.9576166666666666
0.9580166666666665
0.9581666666666667
0.9580166666666666
0.9583333333333334
0.95865
0.9587666666666667
0.9591166666666666
0.9591166666666667
0.9592166666666667
0.95925
0.9597333333333333
0.9599166666666665
0.96
0.9603833333333333
0.9604499999999998
0.9603166666666666
0.9606
0.9607333333333331
0.9609666666666667
0.9611999999999998
0.9612833333333333
0.9614333333333333
0.9615333333333332
0.9617833333333333
0.9619833333333331
0.9617833333333333
0.9623499999999999
0.96215
0.9626999999999999
0.9625833333333332
0.9629166666666665
0.9633333333333333
