0.8766833333333333
0.9098166666666666
0.9162166666666667
0.9200833333333333
0.9237500000000001
0.9268000000000001
0.9299833333333334
0.9322333333333334
0.9340833333333332
0.93675
0.9379833333333334
0.9399166666666666
0.9408333333333333
0.94185
0.9434166666666667
0.9439833333333333
0.9452666666666665
0.9463833333333332
0.9470999999999998
0.9482333333333335
0.9485500000000001
0.9493666666666668
0.9506833333333332
0.9514499999999999
0.9522499999999998
0.9530500000000001
0.9536000000000001
0.9537666666666668
0.9549166666666665
0.9557166666666667
0.9557166666666665
0.9568166666666665
0.9570333333333333
0.9576833333333332
0.9583333333333331
0.9581
0.9592666666666666
0.9596499999999999
0.9599666666666665
0.9604
0.9607333333333333
0.9610666666666666
0.9616666666666668
0.9620500000000001
0.9624999999999999
0.96225
0.9627666666666665
0.9629833333333333
0.9637333333333333
0.9640833333333334
0.96475
0.96495
0.9650166666666665
0.9658000000000001
0.9656166666666667
0.9658833333333333
0.9665333333333331
0.96685
0.9669666666666666
0.9672333333333333
0.9672500000000003
0.9675500000000001
0.9680499999999999
0.9681166666666666
0.96855
0.9685
0.9688666666666667
0.9693999999999999
0.9696333333333332
0.9697833333333333
0.9702000000000001
0.9703499999999998
0.9701
0.9704833333333333
0.9707499999999999
0.9711833333333333
0.9709500000000001
0.9711500000000001
0.9715833333333332
0.9713833333333334
0.9717333333333334
0.9722833333333334
0.9720833333333334
0.9724666666666666
0.9722000000000001
0.9727833333333332
0.9729666666666666
0.9729
0.9729666666666666
0.9736333333333334
0.9737
0.9736166666666667
0.9737499999999999
0.9740000000000002
0.9737666666666667
0.9742999999999999
0.9738666666666665
0.9748999999999999
0.9747499999999999
0.9747166666666667
0.9749666666666665
0.9751333333333334
0.9749666666666666
0.9747999999999998
0.9756
0.9751
0.9757999999999999
0.9760166666666668
0.97565
0.976
0.9762000000000001
0.9761666666666668
0.9762
0.9763333333333334
0.9764500000000002
0.9765333333333336
0.9768499999999999
0.9769333333333333
0.9764166666666664
0.9770166666666668
0.9769666666666666
0.9774333333333333
0.9773166666666667
0.9775166666666667
0.9777166666666665
0.9777
0.9773666666666668
0.9780500000000001
0.9781999999999998
0.9783166666666666
0.9783833333333333
0.9783499999999998
0.9784833333333333
0.9784166666666666
0.9787166666666667
0.9784999999999999
0.9787666666666666
0.9789499999999999
0.97905
0.9794
0.9789
0.9791833333333333
0.9791666666666666
0.9794833333333332
0.9792166666666667
0.9795833333333336
0.9795833333333333
0.9798333333333332
0.9796833333333331
0.9799833333333333
0.9797333333333333
0.9797666666666665
0.9799333333333333
0.9801166666666666
0.9802833333333333
0.9801666666666665
0.9803000000000002
0.9804166666666666
0.9803166666666666
0.9806833333333334
0.9808
0.9807
0.9807166666666666
0.9810166666666666
0.9811833333333334
0.9811333333333335
0.98145
0.9811666666666667
0.9813666666666666
0.9813833333333334
0.9813833333333334
0.9815
0.9817333333333332
0.9817
0.9816833333333332
0.9817666666666667
0.9817333333333332
0.9821333333333332
0.9818166666666667
0.9819666666666668
0.9819166666666668
0.9820000000000001
0.9822333333333332
0.98225
0.9824333333333334
0.9824666666666667
0.9825833333333334
0.9825
0.9826666666666667
0.9828833333333332
0.9829666666666667
0.9829833333333333
0.9829333333333333
0.9831333333333333
0.9828500000000001
0.9832333333333333
0.9834166666666667
0.9835666666666666
0.9836333333333332
0.9836666666666667
