0.4900333333333334
0.7413666666666666
0.8406833333333333
0.8814000000000002
0.8972833333333333
0.9059166666666666
0.9107333333333334
0.9129333333333333
0.9150166666666665
0.9156333333333334
0.9162333333333333
0.9164166666666667
0.91705
0.9174500000000001
0.91775
0.9185166666666668
0.9200833333333334
0.9198333333333334
0.9215666666666668
0.9221833333333332
0.9233333333333332
0.9244333333333334
0.9257000000000003
0.9262833333333335
0.9276999999999999
0.92855
0.9293499999999999
0.9306333333333333
0.9316666666666665
0.9326833333333333
0.9336333333333334
0.9343833333333333
0.9349
0.9356
0.9367333333333332
0.9368666666666666
0.9379333333333334
0.93865
0.9392
0.9396166666666667
0.9401500000000002
0.94105
0.9414000000000001
0.9416833333333333
0.9423666666666666
0.9426
0.9435666666666668
0.9433166666666666
0.9442333333333331
0.9442333333333334
0.9447166666666668
0.9449666666666667
0.9448333333333333
0.9450500000000001
0.9456999999999999
0.9460833333333335
0.9458499999999997
0.9460833333333333
0.9464
0.9467666666666665
0.9469166666666666
0.947533333333333
0.9479166666666665
0.9476666666666668
0.9477000000000001
0.94805
0.9484333333333331
0.9488166666666666
0.9489333333333332
0.9493833333333334
0.9500333333333333
0.9499
0.9499666666666666
0.9501166666666666
0.9507500000000001
0.9507166666666667
0.9509833333333333
0.9509833333333334
0.9511833333333334
0.9513666666666666
0.9517000000000001
0.9518333333333334
0.9520166666666666
0.9520166666666666
0.9526166666666667
0.95235
0.9528166666666665
0.9529166666666667
0.9533166666666665
0.9532333333333333
0.9537333333333332
0.9538833333333333
0.95385
0.9540666666666667
0.9544666666666667
0.9543833333333333
0.9545333333333331
0.9547499999999999
0.9545999999999998
0.9553833333333334
0.9554666666666667
0.9554
0.9556999999999999
0.9556333333333331
0.9558333333333332
0.9559000000000001
0.9561666666666667
0.9561999999999999
0.9562333333333332
0.9565166666666665
0.9566333333333333
0.9564999999999998
0.9568499999999999
0.9568500000000001
0.9568500000000001
0.9570333333333333
0.9573499999999999
0.9574166666666667
0.9573333333333333
0.9577
0.9579500000000002
0.9579166666666666
0.9580833333333333
0.9581499999999998
0.9580500000000001
0.95845
0.9584333333333334
0.9585499999999999
0.9584999999999999
0.9585499999999999
0.9587333333333333
0.9587500000000002
0.9589666666666666
0.95885
0.9591166666666666
0.9590333333333335
0.9594166666666667
0.9596999999999999
0.9597666666666665
0.9594999999999999
0.9596
0.9599833333333335
0.95985
0.96
0.9603166666666666
0.9603499999999999
0.9599000000000001
0.9603999999999999
0.9602499999999999
0.9608499999999999
0.9606166666666667
0.9610499999999998
0.9608499999999999
0.9610499999999998
0.9608166666666667
0.9611166666666667
0.9611000000000001
0.9612333333333333
0.9612833333333333
0.96155
0.9615333333333332
0.9616666666666666
0.9619666666666666
0.9617333333333332
0.9620666666666667
0.9622333333333333
0.9619166666666666
0.9622999999999999
0.9623999999999998
0.9622333333333332
0.9624666666666668
0.9625833333333333
0.9625833333333333
0.9628166666666664
0.9628666666666666
0.9624999999999999
0.9629499999999999
0.9629833333333333
0.9630833333333332
0.9630166666666667
0.9631833333333333
0.9634666666666667
0.9635166666666665
0.96345
0.9636833333333333
0.9637666666666665
0.9637833333333333
0.9638166666666668
0.9638833333333334
0.9638333333333332
0.9638333333333334
0.9643166666666665
0.96405
0.9643666666666667
0.9641833333333333
0.9643
0.9642166666666667
0.9644166666666668
0.9644833333333332
0.9645000000000001
