0.9187
0.9414833333333332
0.9468166666666665
0.9518999999999999
0.9559333333333333
0.9586000000000001
0.9619666666666667
0.9629666666666666
0.9651333333333333
0.9664833333333331
0.9679833333333335
0.9690333333333334
0.9701666666666667
0.9714999999999999
0.9718833333333333
0.9726499999999999
0.9733833333333332
0.9745666666666666
0.9753666666666666
0.9761666666666665
0.9763333333333332
0.9771666666666667
0.9779
0.9782500000000001
0.97865
0.9791333333333334
0.9797666666666666
0.9797666666666666
0.9804166666666666
0.9805166666666666
0.9809166666666665
0.9814333333333334
0.98165
0.98215
0.98245
0.9831500000000001
0.9836166666666667
0.9836999999999999
0.9840000000000001
0.9844166666666666
0.9848666666666667
0.9848833333333334
0.9848500000000002
0.9852166666666666
0.98565
0.98575
0.9856666666666668
0.9866500000000001
0.9865499999999999
0.9867833333333333
0.9872833333333334
0.9870666666666666
0.9876499999999999
0.9875666666666666
0.98775
0.9881333333333332
0.9881500000000001
0.9879833333333333
0.9886666666666666
0.9884499999999999
0.9888500000000001
0.9891666666666667
0.9895333333333335
0.9891833333333332
0.9895666666666666
0.98985
0.9900333333333334
0.9901666666666668
0.9901833333333333
0.9902500000000001
0.9909
0.9906833333333335
0.9910999999999999
0.9912666666666667
0.9911666666666666
0.9913833333333336
0.9915166666666667
0.99155
0.9914999999999999
0.9919333333333332
0.9918166666666668
0.9920666666666665
0.9924000000000001
0.9925333333333334
0.9928166666666667
0.9924666666666666
0.9925833333333333
0.993
0.9927333333333336
0.9929
0.9931333333333335
0.9930333333333334
0.9933000000000001
0.9935166666666668
0.99355
0.9934833333333333
0.9936333333333334
0.9937
0.9938833333333333
0.9938500000000001
0.9941000000000001
0.9941333333333332
0.9942833333333335
0.9944833333333333
0.9944833333333333
0.9942833333333333
0.99465
0.9945166666666667
0.9947833333333335
0.9946833333333333
0.9948000000000002
0.9947666666666667
0.9950833333333332
0.9952166666666667
0.9951000000000002
0.9952333333333333
0.9951166666666666
0.9951500000000001
0.9953000000000002
0.9953166666666665
0.9953666666666668
0.9954333333333333
0.9954500000000001
0.9956666666666667
0.9958166666666667
0.9958000000000001
0.9959166666666667
0.9957333333333332
0.9957166666666666
0.9961333333333333
0.9960333333333334
0.9961833333333333
0.9961333333333334
0.9962
0.9961833333333335
0.9963333333333333
0.9962666666666667
0.9963666666666667
0.9964000000000001
0.9964000000000001
0.9964833333333335
0.9966500000000001
0.9967333333333332
0.9965833333333336
0.9967666666666667
0.9967166666666668
0.9967
0.9968666666666667
0.9968499999999999
0.9970333333333334
0.9970166666666667
0.9969000000000001
0.99695
0.9970833333333333
0.9970666666666667
0.9972833333333334
0.9972333333333334
0.9973
0.9971833333333334
0.9973833333333334
0.9972833333333333
0.9974500000000002
0.9974666666666668
0.9975666666666666
0.9976166666666666
0.9975999999999998
0.9976833333333334
0.99755
0.9977333333333332
0.9977166666666668
0.9977166666666667
0.9979166666666668
0.9978333333333333
0.9978500000000001
0.9978666666666668
0.9978500000000002
0.9979333333333334
0.9979000000000001
0.99795
0.9978666666666668
0.9980666666666668
0.9980833333333333
0.9981166666666667
0.99805
0.9981166666666668
0.998166666666667
0.9980500000000001
0.99825
0.9981166666666667
0.9981
0.9983000000000001
0.9982666666666667
0.9983000000000001
0.9985166666666667
0.9983000000000001
0.998366666666667
0.9982833333333332
0.9984333333333334
0.9984666666666667
0.9986166666666666
