0.11416666666666668
0.12036666666666666
0.12908333333333336
0.13771666666666668
0.15775
0.20188333333333333
0.26311666666666667
0.3291333333333334
0.3754166666666667
0.42216666666666663
0.44401666666666667
0.4826000000000001
0.5125833333333333
0.5456166666666666
0.5764666666666666
0.6049666666666665
0.6365
0.6596500000000001
0.6802333333333334
0.7033666666666666
0.7183
0.73665
0.7508166666666667
0.76295
0.7747333333333333
0.7828833333333334
0.7917
0.7980333333333333
0.8053333333333333
0.8104666666666667
0.8153666666666668
0.8200500000000001
0.8243666666666666
0.8286000000000001
0.8312833333333333
0.8349333333333334
0.8389666666666665
0.8418500000000001
0.8445333333333332
0.8470833333333333
0.85035
0.8522333333333334
0.8543666666666666
0.8566666666666668
0.8584666666666667
0.8602500000000002
0.8623666666666666
0.8637333333333334
0.8657666666666667
0.8672833333333334
0.8686833333333334
0.8696333333333334
0.8711166666666665
0.8725999999999999
0.8739333333333333
0.8742499999999999
0.8757833333333332
0.8767499999999999
0.8781333333333333
0.8788333333333332
0.8799999999999999
0.8802666666666666
0.881366666666667
0.8824
0.8831166666666665
0.8839
0.8845166666666665
0.8853166666666666
0.8858833333333332
0.8864666666666666
0.8871166666666666
0.8876166666666666
0.8883833333333334
0.8891
0.8893
0.8898
0.8908000000000001
0.8914333333333334
0.8913500000000001
0.8921166666666668
0.8924333333333334
0.8928333333333334
0.8932166666666665
0.8938333333333333
0.8945666666666666
0.8947499999999998
0.8953333333333333
0.8951666666666666
0.8959833333333332
0.8958999999999998
0.8966499999999998
0.8970666666666666
0.8971666666666667
0.8974833333333335
0.898
0.8983
0.8983166666666668
0.8986833333333332
0.8991166666666667
0.8993333333333334
0.89955
0.9001333333333333
0.9004833333333334
0.9008666666666666
0.9007333333333333
0.9013499999999999
0.9011166666666665
0.9016666666666668
0.9021333333333335
0.9020500000000001
0.9021666666666667
0.9023166666666667
0.9026833333333335
0.9030166666666667
0.903
0.9032166666666667
0.9036166666666666
0.9035333333333333
0.9037833333333335
0.9041
0.9040500000000001
0.9043833333333332
0.9049666666666667
0.9050000000000002
0.9049833333333334
0.9055666666666666
0.9054000000000001
0.9059166666666666
0.9057666666666667
0.9063166666666667
0.9064000000000001
0.9066
0.9067333333333333
0.9068999999999998
0.9072666666666667
0.90715
0.9075666666666667
0.9075166666666669
0.9078666666666667
0.9083333333333333
0.9082666666666667
0.9088333333333334
0.9089166666666667
0.9090166666666667
0.9090833333333332
0.9093333333333331
0.9092666666666668
0.9099166666666664
0.9098833333333333
0.9101833333333332
0.9101333333333333
0.9104
0.9108333333333333
0.9108166666666667
0.9108499999999999
0.9113333333333333
0.9110666666666667
0.9112833333333331
0.9112
0.9115833333333335
0.9113166666666667
0.9116333333333334
0.9119833333333333
0.9119833333333333
0.9121333333333332
0.9122333333333331
0.9125999999999999
0.9127166666666665
0.9125
0.91305
0.9128166666666666
0.9127833333333334
0.9132666666666668
0.9137166666666667
0.9133833333333331
0.9137833333333333
0.9138166666666666
0.9137
0.9141500000000001
0.9143833333333333
0.9141499999999999
0.9143499999999999
0.9148666666666664
0.9149166666666666
0.9149833333333334
0.9148833333333334
0.915133333333333
0.9152166666666667
0.9155333333333332
0.9153166666666667
0.9157833333333333
0.9159333333333334
0.9159666666666665
0.9161833333333335
0.9159833333333335
0.9166333333333333
0.9163333333333333
0.9164333333333333
0.9168166666666666
0.9170166666666667
