0.3313972834157521
0.2009165549078832
0.15484475253171506
0.12974150828445422
0.11633212299857983
0.10746320014279959
0.10106483542655638
0.09626154454589932
0.09272003232744518
0.08969317538274181
0.08691180025840195
0.08458991679372656
0.08267841386791529
0.0807753133267839
0.07906203632811394
0.07756225273975768
0.07608861749964747
0.07486974212534545
0.07364953960435283
0.0725013571117738
0.0713999641366489
0.07042508055690892
0.06943062991672284
0.06855239851592444
0.06769451767778678
0.0669158469754743
0.06617445451715938
0.0654423132850991
0.06476840796845622
0.06405735824621399
0.06346946967323876
0.06291228141999207
0.06230052151732938
0.0618228971976244
0.061173506970544966
0.0607545788624548
0.0602653842285317
0.05974247306113326
0.059364937387038796
0.05882284752020386
0.05846644069261744
0.058014180559500306
0.05762176198603558
0.057243775737645684
0.0568236623432972
0.05644201875207824
0.05607754628113162
0.05570312970694732
0.055312504655543326
0.05501335106377314
0.054741405184689236
0.0544256501517655
0.05411938550483784
0.053865438513353424
0.05353595920126886
0.053228475540867924
0.052948201472531396
0.05272474288472915
0.052495863759368634
0.05218919590780354
0.05193034298581171
0.0516796074953193
0.05149622059615417
0.051272404658706444
0.05101785816078436
0.050779978334068145
0.050560604529727056
0.05032353875178308
0.0501713752115922
0.04993940482184267
0.049709856250598705
0.049562410147848145
0.049321529439504956
0.04915206378614967
0.04898093489264941
0.048747639779233576
0.048572739859447205
0.04841524809020614
0.048242519644487024
0.04802705998255254
0.047784657942636664
0.04768745419327473
0.047481805569005074
0.04731792996088413
0.0471457844447237
0.047066857662991256
0.046861082540078335
0.046738107907391836
0.04649061925272566
0.04643312979077612
0.04625131373539254
0.04609348943064512
0.045930002274060654
0.045779234273683446
0.045693096729300615
0.045501908315206084
0.04535837082516827
0.0452367906411287
0.04510449282497192
0.04491323499523007
0.04482724481550183
0.04464833722864873
0.04459460444006121
0.044395592591354394
0.04430456695059067
0.0440965016359779
0.04405945250815038
0.043951016064501865
0.04379464675446292
0.04369212305555528
0.04357694354478706
0.04343664548941136
0.04333690872458331
0.043169701414000484
0.04307377546928596
0.042952205123768274
0.042855150917650575
0.04271826055612484
0.04263328875755037
0.04252929535470144
0.04243519858019202
0.04228797140024012
0.04223955127198594
0.042099634774246275
0.0420468670296954
0.04196195124365457
0.04177582836478133
0.04168812277642614
0.04156093206223123
0.04153233035947138
0.041452341141524816
0.04130772846178848
0.04124871065766406
0.04114255251911723
0.041051227377754455
0.04093237319180087
0.04085894774093452
0.040754490246579116
0.04069605979928383
0.04053962601643949
0.04045718920280573
0.04040642657076038
0.0402925258168001
0.040225025598505625
0.040175907926436945
0.040077643801951335
0.03997180010427689
0.039857917367914726
0.03976901022640575
0.03969306324891481
0.03961754094417503
0.03950494987018138
0.03947970989931082
0.03934870104865959
0.03927367969196464
0.03919256895020251
0.039153138126721054
0.039051732131923235
0.038976156229722864
0.038936844616258126
0.038873454956199094
0.03877650900146311
0.03867772282839304
0.038559959643735715
0.03850323497910003
0.038483075022510985
0.038342887794561326
0.038279810816893675
0.038227384654674845
0.03816139250008916
0.03811620283970152
0.038033587004127956
0.03796732830630326
0.037896491593660105
0.03783494694341108
0.03777876522559548
0.03767847468519594
0.037665659487591624
0.03758226777621343
0.037508276866047546
0.037408625616113765
0.03735773892908447
0.03730413526597683
0.037224652900561116
0.03715436548584144
0.037099201747865955
0.03702611319471082
0.03700124844898931
0.03693136446975435
0.036886189091315004
0.03681891691325596
0.036749312957138985
0.03664339210600795
0.0366231217217576
0.03661156521792475
0.03648773061844602
0.03650217517095285
0.03638650810903204
0.03632573290772217
0.03629827778652984
