0.22957071376236113
0.2267083773728907
0.21652539329033718
0.18215995704609145
0.13396385377815814
0.1006252782238007
0.08047809670240884
0.06796823289590016
0.059930788063935266
0.05450303524639127
0.05056386591623365
0.04759506926212001
0.04528845992275976
0.0434622862937111
0.04193773590683137
0.04067946347564914
0.039626762447137684
0.03868985509805187
0.03788996832178407
0.037183272627785716
0.03653771619324338
0.03597481446881281
0.03546414991910263
0.034982216163773915
0.03454981721219781
0.03411403026939117
0.03376148568016409
0.03340722259490025
0.033078370806499106
0.03275988103250498
0.03247296634814352
0.03217768711991744
0.031923094884774905
0.03167481752335314
0.03145502940674553
0.031201318430510373
0.03098745931752844
0.03076207598006606
0.030550008520850196
0.030359816748103206
0.030167127035237783
0.029977060087549624
0.02980633613430639
0.02962412041104164
0.02944788109595183
0.029279224434689614
0.029089270805967765
0.028926581503170384
0.028786231037694218
0.028626407371470538
0.02845569841587065
0.028308807843117595
0.02818766351872047
0.02802333243440031
0.02787468806261326
0.027713387561919753
0.027587031283844904
0.027452736084071134
0.02730614259547895
0.027168211452684384
0.02703034710647777
0.026886850394767698
0.026746097052007024
0.026604388741759532
0.02646939458672724
0.0263481397048507
0.026204287814651048
0.026069633390394035
0.025958866074027587
0.025808957870760322
0.025687239044010296
0.025567134175257678
0.025423721288244012
0.025296220318868218
0.025162901611559343
0.025038503366042547
0.02490072242134771
0.024794849167254187
0.02465390856471277
0.024526019077474943
0.024408779591574167
0.024261664951814855
0.02414511487890963
0.0240140772290859
0.023893818415338813
0.02376085230522676
0.023638826100576257
0.023513404916160347
0.023394998800728543
0.02326729109330115
0.02313898544523861
0.023029782269031403
0.022901500646423587
0.022793721659541476
0.02266905042378709
0.022551806224404534
0.02243128349238969
0.022301581345312807
0.0221960988276546
0.02207812828944619
0.021977157140426393
0.021843075707903902
0.021749844495840998
0.02162158052361263
0.021508550397075735
0.021397469816926456
0.0212792831289472
0.021188934423208922
0.02106848359697627
0.020963998412174115
0.020858694123717016
0.020748403561308876
0.02062909082063605
0.020554077275353123
0.02043908671304671
0.020341321489941964
0.020242434348327527
0.020133899152455267
0.020034292683791092
0.01993797791430292
0.019835942287345226
0.019753394266127478
0.019656110121649865
0.019561074442302775
0.01946012305251352
0.019369314395172622
0.01928329104880105
0.0191656028533722
0.019096863867529828
0.01900119299731598
0.018905541903491894
0.018824071672060072
0.01874006244599587
0.018642280833485472
0.018546353298754405
0.018473388960665377
0.01841003976480764
0.018300005809246487
0.01821676032715956
0.01813222972998094
0.018068677366992084
0.017970249959870687
0.01789822149346203
0.017810559929528527
0.017725281216556473
0.017660912975544316
0.017556500040541812
0.017505719562807557
0.01740599813185288
0.01734245068507544
0.017233705002088467
0.017183512943625558
0.017113166104236726
0.017057366308587806
0.016961995963772795
0.01689955479284647
0.016807232717732077
0.016740718352658192
0.016677230258258475
0.016600064174835175
0.016531914633285235
0.01646219874586397
0.01640831422373767
0.01632561668287284
0.01624646618470389
0.016180648589121414
0.016113219291937268
0.016064417704805562
0.015976190811818048
0.015917132676742125
0.015859354149277322
0.015764963939489594
0.01572391225356935
0.015653152448625484
0.015591496133510544
0.015517115554529384
0.015480778350998392
0.015411118933248348
0.015327813805278376
0.015271645211518622
0.015227615058524597
0.0151603666718452
0.015106286292355338
0.015037373464389022
0.014985928535702362
0.0149172884686085
0.014861659624226536
0.01481085990145512
0.014750930502631059
0.014690366098321667
0.014626629023924705
0.014582609010378821
0.014525649071828272
0.014460137780187392
0.014409085111241783
0.014348883093304246
0.014308479335878282
0.014248421710475996
0.014201417368458084
0.014144365892163618
