1.03583796746431
0.28799739470391983
0.24631003833062667
0.22315813660618156
0.20734652667511977
0.19528619322037014
0.18556571184319995
0.177555185137057
0.17059581745612185
0.16452528307918163
0.15911881409823822
0.15433383614737176
0.1499653631118059
0.145903551949246
0.1421807679872808
0.13857360027309637
0.13526350380856267
0.13231044623271002
0.129605407858526
0.12711535509940217
0.12484312611768529
0.1227935366735613
0.12083519223062034
0.11906017775943872
0.11737672176288327
0.11581493587022605
0.11436427958621954
0.11296856306532249
0.11171094185750712
0.11047150422041653
0.10938689930189388
0.10829891652217928
0.10728966448195405
0.10636314012367043
0.10544872434997327
0.10459529121459814
0.10381200620506832
0.1030203707707585
0.10227155445252516
0.10155346418893214
0.10085633414523983
0.10020240062241496
0.09957453552398332
0.0989482639088292
0.09838305305227102
0.09781677248470179
0.09723302904780723
0.0967257948107536
0.09616736717665066
0.09565457053026734
0.09516846599035154
0.09470698227507594
0.09423113571290231
0.09376383990537186
0.09332597078489234
0.0929134295981528
0.09244448092653401
0.09206041178099157
0.09160862687643695
0.0912155564939084
0.0908131289902833
0.09042833611265244
0.09006099454703602
0.08968066893098643
0.08933727068255636
0.08893325975316653
0.08859102293126825
0.08826911480757955
0.08792218899412853
0.08757441437205478
0.08727229376734857
0.08693565309137825
0.08662272718651992
0.08628812063223758
0.08599034795500694
0.08567807550774559
0.0853744021749852
0.08507943237289793
0.08479874583333451
0.08446348140644953
0.08420265073186205
0.08390022275413811
0.08362180065312226
0.08335653280851901
0.0831129209378988
0.08281143740940357
0.08258047925801808
0.08229923970842895
0.0820931848027006
0.08186668201622352
0.08163738264817093
0.08140278524200388
0.08119227676931977
0.0809642961633446
0.08074496990495567
0.08051804184328804
0.0803537605473315
0.08014960787008141
0.07995516169404067
0.07976013843535847
0.07955185758461912
0.07937532039887676
0.0792031611123165
0.07899852668388649
0.07884010188188356
0.0786567613477076
0.07848770544782586
0.07830581702124768
0.07815452394217057
0.07797706110182832
0.07781470714881834
0.07764865854109675
0.07748423695670155
0.07735747305131341
0.0771770499321708
0.07702044459502759
0.07687051764220064
0.07673469400803976
0.07657765818249086
0.07641458943135102
0.07625882922753743
0.0761459412416513
0.0759988036467065
0.07585454022815874
0.07570776240670747
0.07559646237789223
0.07545842593330955
0.07530047530559701
0.07515155926350969
0.07508027892069508
0.07493369752895411
0.0748046046435898
0.07466811265117221
0.07451202707999476
0.07444401891035282
0.0743041145747056
0.07417545010857103
0.07405352744636723
0.0739366116362049
0.0738202044861142
0.07372592264744406
0.07360441421564302
0.07346637300319696
0.07338158843947425
0.07325656919779497
0.07314665796980722
0.07303479725292558
0.07293946002534844
0.07284216478835483
0.0727054243151851
0.07257305119358493
0.07249205805260735
0.07238589785092181
0.07230624171547077
0.0722142173390753
0.0720937807412908
0.07195889949015567
0.07187784370073377
0.07179963209839796
0.07169070640791818
0.0715740570170198
0.07144660949096492
0.07138664131746562
0.0713020855515418
0.07119157019083135
0.07110516346075942
0.0710287348855073
0.0709064126711419
0.070809885494814
0.0707187056088243
0.07063025821534168
0.07056363594426063
0.0704612490701032
0.0703724259242968
0.07025710165225628
0.07020066587894108
0.0700930975234753
0.06998801188935386
0.06991959892903522
0.06981601955207507
0.06973309445913822
0.06965943042270978
0.0695798595316128
0.06947521883541409
0.06942135186402276
0.06934171810548252
0.06922396520532047
0.0691812145427209
0.0690625754857048
0.06898579988838001
0.0689135847780868
0.06882618884549359
0.06872825802089612
0.06865343947738832
0.06859475144724109
0.06850120087303925
0.06844393453295439
0.06835470402416892
0.06826559326093024
0.06818594428520341
