0.23018820168290344
0.23015468728608066
0.23017758149235287
0.23018302384102698
0.2301839091060455
0.23019039073356576
0.23016024868210927
0.23017505029655305
0.23015872621696754
0.2301595153169966
0.23018748266811884
0.23017184693162304
0.23017269617440436
0.23017998429211498
0.23016596294124356
0.23016834011478515
0.2301473687609585
0.23013896901616973
0.2301468225705776
0.230125720793923
0.2301359945508047
0.23010408872816965
0.2301145868195669
0.23011155786133597
0.23008854760858857
0.2300716334411831
0.2300651777738604
0.2300242703741059
0.2300298502357865
0.23001753280964898
0.22997169007671625
0.22994801920100805
0.2298872073751126
0.22985715503174345
0.2298009546465539
0.22971522573483705
0.22963652270293358
0.22951517861973791
0.22932360776453398
0.22914103879941708
0.2288335388187637
0.2284150020395729
0.22779795860753874
0.22689395562963074
0.22550074711874848
0.22341210289827243
0.22030629495322374
0.21594038091513623
0.21045820884199884
0.20446375082461865
0.19882619355955278
0.19379517126362963
0.1892424259484543
0.18475124623954367
0.17983988655894453
0.17408642540243835
0.16717337306137295
0.15947227419390408
0.15189633241610764
0.1452867878459597
0.13993975808186465
0.13556262606387443
0.13176642516189682
0.12825656392923507
0.12473761129871547
0.1209198022602722
0.11673371682113438
0.11228452789730682
0.10776403984014281
0.10347144144570924
0.09964269119671802
0.09636899920440295
0.09353943363936777
0.09115548490426394
0.08911109159518671
0.08733251356224558
0.08575474472385763
0.08435492783834346
0.08308482341983375
0.0819035159232189
0.08080985566618207
0.07978209846682013
0.07883848573662995
0.07791466568791215
0.07704405835218184
0.07621390155301806
0.07535962608357814
0.07458683127981791
0.07379134229656793
0.0729993005516933
0.07219788409410767
0.07143860042187726
0.07065008089367285
0.06985078755656972
0.06906578851059823
0.06827347485811865
0.06745737914222528
0.06666661383380527
0.06584515693952105
0.06501183049740293
0.06418655925547428
0.0633708363500416
0.06252862551331834
0.06171016349435574
0.060953642647357496
0.06014058680885508
0.059409696740381
0.058655615974923754
0.05795544509701086
0.05726454162853791
0.05660865394449074
0.056000941417451044
0.05539730159642281
0.054792435376514216
0.05421349838679305
0.05366281655044144
0.05311498869151448
0.0526028209787163
0.052105116522893624
0.05158141190701251
0.051101083948196395
0.050615023354029655
0.05014576297541626
0.049684264624122114
0.04922566890240712
0.048768675268527434
0.04835237537356174
0.047887089188355596
0.047468553269671844
0.04702238850568493
0.046578409564704375
0.046149317408751354
0.045727199023569504
0.04530205051780345
0.04489034924767182
0.04445329525071919
0.04405316213626382
0.0436428017727565
0.04324568139063967
0.04283089922588281
0.04242601207922034
0.0420277424962919
0.0416592062262093
0.04125617982218342
0.04087704648091369
0.04050546240424358
0.040127762700268736
0.03974440195370844
0.03940838366211741
0.039064848088869515
0.038730109136676884
0.03840518850900435
0.03806696612542015
0.03775143958264513
0.037440044148455094
0.037127547728120686
0.036845323707367574
0.03655473534360049
0.03629168595440118
0.03600670035640793
0.03573786776698399
0.03546510069155904
0.03521822159599749
0.03495423973983427
0.0347018706792818
0.034489650546395904
0.03422762314262227
0.0339956546445551
0.033782339612601596
0.033526743030461395
0.0333313038436256
0.03310330219580796
0.032898399742361424
0.032692473789306065
0.03248725909755752
0.032268925671861286
0.03209020511251375
0.03188290896065191
0.031685869965048026
0.03148632073543121
0.03129972395724741
0.031120559975260306
0.030923947076947244
0.030743247511734562
0.030567809047484462
0.03038323648099657
0.030212621625228697
0.03001639965616934
0.029853677355912992
0.02968150495985218
0.02953100721195066
0.02934640860027222
0.029188473693267564
0.02902252927223801
0.028843902530773912
0.028686598755611182
0.02854427822936634
0.02838440210214004
0.028207083555091484
0.028071669802891306
