1.4727236324681556
0.31045696708781295
0.28185698668049897
0.2615462006145258
0.24532006590498134
0.23060683604845397
0.21638460905810508
0.2060367541241798
0.1968610485296793
0.188168515223583
0.17960671070842046
0.1712351749067612
0.16311457009187277
0.15564439422210427
0.14886263410632228
0.1427979308859846
0.13733126937238052
0.1323440899929116
0.12775502890893217
0.12346460058597293
0.11945786414192389
0.11564108537479688
0.11213233907413889
0.10883796513365313
0.105732675274516
0.10291055249737956
0.10026409134523212
0.09780518020095452
0.09553433932173298
0.09342309991499424
0.09151449621363085
0.08967989518655846
0.08801172944983054
0.08639175179221205
0.08494757452055517
0.08358531759816305
0.0823221669311429
0.08111186095205027
0.07992937838002155
0.07887082773889119
0.07782822133383734
0.07689974625854101
0.07592824727565277
0.07507460687827744
0.07419288263151945
0.0734068987430056
0.0726445913976768
0.07189163224907329
0.07115091184128747
0.07049949642047239
0.06984587678649508
0.0692185803071186
0.06855946832304775
0.06797411890505055
0.06740545508886328
0.06686040720138314
0.06631976505435226
0.06579647941565116
0.06530662553103016
0.06481840493300524
0.06433794354060662
0.06389851179976104
0.06341425659549199
0.063003023633939
0.0625671789690673
0.062180701393306254
0.06176334806336034
0.061376586157370905
0.06102423120492909
0.06065126957591991
0.06029642766753273
0.059949804600926075
0.05956472179773426
0.0592387421887954
0.05890586199698363
0.05858646080692337
0.0582574182502649
0.05796424049058216
0.05765881983428861
0.05736126633656805
0.05704746204860562
0.05676865945847485
0.05648999858366909
0.056219398215308976
0.05595819023663801
0.05569073670117061
0.05542146317772225
0.055149499024229214
0.0548910159687765
0.05464800386010338
0.05439810862436556
0.054176336131550394
0.053925356347293014
0.053668539716598664
0.053460860590453935
0.053203663187626225
0.05299765573348081
0.05279023714407868
0.052565298727830244
0.05234847905715321
0.05214983125156977
0.0519286114416371
0.05174659496626491
0.05150612723468755
0.05135343639867742
0.051162218835621553
0.050957795454369716
0.05072307601015568
0.05055486357753764
0.05037598824628031
0.05021192505835547
0.050022969732797164
0.04982290276161206
0.04966709282435642
0.04950449848294883
0.0493037990138814
0.04915644972805653
0.04898839291048648
0.04883041597604965
0.04868183582896398
0.04852921940437004
0.0483224919277733
0.04816533970141981
0.0480351444566891
0.04785690217230726
0.04771373896564878
0.04756791284684495
0.047393358531681196
0.04727105794128614
0.04711237539714133
0.046976963163488476
0.046851184303042546
0.04665997716166926
0.04652683878164044
0.04642516103118611
0.04627260459147973
0.04611150260804884
0.04599933181926854
0.0458474664713339
0.045718664958144944
0.04558670725740698
0.04546848048448171
0.04531516352578311
0.04517866068193368
0.04505366269629346
0.04492510803332445
0.044814588507632085
0.044677205282352785
0.04456999098931225
0.0444288176143512
0.044315641955154444
0.04417455476065582
0.044063678688665286
0.043950660598906455
0.043823567504745704
0.04372329913565575
0.04356702975207314
0.04346839360890428
0.04335060190763696
0.04321997311873371
0.04311014134334454
0.04301041931821493
0.04287312093834764
0.042776867616552285
0.04266154735610434
0.042527406607365446
0.04245188738537472
0.042334764448404394
0.04223657601941664
0.04213286560925849
0.04199147870291034
0.04191749909475986
0.04180976350366392
0.04169083702311304
0.04158105994563211
0.04147581459271291
0.04139500010976401
0.04129878899876325
0.04118656870122416
0.04104996413082261
0.041008913516397474
0.04088522011476067
0.04078088583697511
0.040703862097240626
0.04060124197590014
0.04054187324342483
0.04041707075787639
0.04032730712138496
0.040218008945643396
0.0401340323938442
0.04004520635150382
0.039930258341098625
0.03985024086433151
0.039776025802450786
0.039667394539327695
0.039595643164053874
0.039510496233128044
0.03941167482895038
0.0393043166677681
0.03925269363082228
