0.228520517345194
0.22027950637355168
0.19437189882139608
0.1496542221790166
0.11127543616304182
0.08726828361977024
0.07271173308685883
0.06351373345808607
0.057315588429450635
0.05292084454594237
0.04962218221937495
0.04705233354747291
0.04497883957410161
0.04333290688343971
0.04192323602307644
0.040746190954429155
0.03973564735371029
0.03884069895642907
0.038070931791437036
0.03736990930700463
0.036743874748253066
0.03619483820928019
0.03567128800397263
0.03518091983970747
0.034763792915654235
0.03434819137086351
0.033973548269470764
0.03363248320323097
0.03328359183296428
0.032965811036193074
0.0326775161660501
0.032376648747994
0.0321061748651256
0.03186751044424193
0.031604312283251994
0.031373912535824895
0.031137299353100265
0.030915619487222056
0.030695546682795494
0.030494242394105364
0.030293957701298835
0.030096032911069288
0.029892094853531063
0.029673522632881148
0.02951300615968204
0.029318309518685234
0.02914539832163136
0.028975009465199018
0.028791014359070877
0.02863968326500599
0.028458691942930877
0.028319495862646035
0.0281316462578614
0.02797527938167466
0.027795086830016903
0.027657049706302787
0.027487059883932508
0.027324875265533732
0.027181554109416
0.027016099214837896
0.026864316975104354
0.02671613343365774
0.02656155441541055
0.02640915103103819
0.0262475808954901
0.026109061689118668
0.02595618499403073
0.0258210794328914
0.02566506692938551
0.02554005416431399
0.02538215145014241
0.025226377010047336
0.025086248889192697
0.024955453715346687
0.024789137297378996
0.024645328935390957
0.024508696981775723
0.0243645544265166
0.024218098762435535
0.024099663998621176
0.02393799949635374
0.02379589291928871
0.02367429660014167
0.02352256012934688
0.023389323557770163
0.023254300356362067
0.023121985302596192
0.022989956643713436
0.02284218832018915
0.022703580972557546
0.022578362174068344
0.02243089195859933
0.0223296727536109
0.022194003420255206
0.022048585107653673
0.021919427320124165
0.021780976986705333
0.021678469785617768
0.021531220875912613
0.021406679006881386
0.021280177092102448
0.02117386366543192
0.02104300405110732
0.020906310097698295
0.020805693338831942
0.02068520275368403
0.020576669606778977
0.02043698132136899
0.020328238451277552
0.020191225689985177
0.020073956917829146
0.01996940202841094
0.019863948225659477
0.019764927776731698
0.019643034672279375
0.01954545011366592
0.01943000189798785
0.019315921174939982
0.019220405949202546
0.01909451218196177
0.01902333909894685
0.018892569021561487
0.018811753288089542
0.018697238545459377
0.018626609277828235
0.01850330260044619
0.018409843919910674
0.01830564351011748
0.018201843228787817
0.018131695238735156
0.01803364802541853
0.01792955148153765
0.0178232520408519
0.01775349160077732
0.017668635093815426
0.017578616052783474
0.017479172893356428
0.017382152506946486
0.01729958132169847
0.017212212116888004
0.017143101856614204
0.017045709034477864
0.016966593495393364
0.01686707385324229
0.016805323007011763
0.01673459583732814
0.016648009579719885
0.016559905822079276
0.01648203986764701
0.01640130315044844
0.016331238504263452
0.016247034332708774
0.016160870886469527
0.016097649016199127
0.016021869943100092
0.015939504775562514
0.0158779240555271
0.015807722350391688
0.01573163165626162
0.015654338437896563
0.015586463410506813
0.01549640669806013
0.015445404482258333
0.015367046322298376
0.015312637994104083
0.015231945358854637
0.015191217999849146
0.015097667093287635
0.015050032374700381
0.014978574802740778
0.014911990719625344
0.014849807603851862
0.014776314358886643
0.014727504965240792
0.01465921451159156
0.014611699490966868
0.014535437168959458
0.01447381517530375
0.014429451530048059
0.014335058722833104
0.014298486343434629
0.014248655381209204
0.014186365419936217
0.014114491753642794
0.014076014856614897
0.01402473900143087
0.013952766471602462
0.01389789817560363
0.013841331858632504
0.013789599405691579
0.013742385408607963
0.01368302450859323
0.013623077792798068
0.013572620293426528
0.013522786147488202
0.013464787575497088
0.01341811417411134
0.01336420391593305
0.013304273305822975
0.013272277768642114
