15.435069988915288
2.983517044728243
2.4412238272501776
2.1834691902489545
2.017778547956339
1.884333312202039
1.7835326325763179
1.700556870908101
1.6254603245379897
1.5605901691521984
1.502216679843009
1.448879946641249
1.4036977561481538
1.3586460909357676
1.3203998011832756
1.2790741943048023
1.2455457101715024
1.2132691116355885
1.1814381888108707
1.152823304302662
1.1228168886430383
1.0999078243590945
1.0721037732396186
1.0517492797427548
1.0267538993490637
1.0037411601055044
0.9822588665976597
0.9651889141811406
0.9457860964241768
0.9270150564505634
0.9089854519349996
0.8946609878561241
0.8791686954982526
0.86398298914292
0.8479924110939479
0.8327402693886964
0.8175803316241552
0.8068850376425533
0.7904296726828711
0.7817370995486027
0.768658515253653
0.7569227899243779
0.7453119710855445
0.7335461457907632
0.7227692965819718
0.7133482341812979
0.7010166181832291
0.6919189173648902
0.6823630290699273
0.675179647258251
0.6644405025789017
0.6570081492093486
0.6494082995463152
0.6369374024449063
0.6327423320106508
0.6235511067212393
0.6159704462668482
0.6091800867874693
0.6008458949153149
0.5930392734073371
0.5871157869332554
0.5793011770769506
0.5717365638513061
0.5669184210226699
0.5608381016284083
0.5520311847558387
0.5471107366987482
0.5415567081344227
0.5356428298947363
0.5292275981613396
0.5232754852863103
0.5196181004249697
0.5100473186229822
0.5051468486157323
0.5011476895893959
0.49647835253447714
0.4892123632237256
0.48472997143613766
0.4817470018288552
0.4736447792281095
0.46787644708836634
0.4654538865647832
0.459018076070705
0.45540934620964396
0.4518526940864531
0.44612950743511437
0.440621472948697
0.4362697388794816
0.43279462396197904
0.4285473448185286
0.4249743269642599
0.4196264759742098
0.4153819174079205
0.4102354416270528
0.4075741324051691
0.4042693797143153
0.4002911735298637
0.39614346795173133
0.3921363547939387
0.3880052125403073
0.38617897382850064
0.382278788345851
0.3783334888275614
0.375576376199478
0.3712068356967284
0.36700502075934877
0.3635611152183093
0.3616171868797855
0.35698194787923726
0.3550188312268036
0.35211541803103735
0.34853308237023417
0.34509488753066203
0.3428210774382949
0.33818708907553297
0.33590426896079134
0.3334206723258466
0.32891332311130705
0.32726404810368875
0.324888966702961
0.32037525144732665
0.3186262572218343
0.3145691583432157
0.31329731952564405
0.3097606588266428
0.3086163911727181
0.30472658662273944
0.3038772379329467
0.2994356156444771
0.2962067954935487
0.2945381509756216
0.2930021146531964
0.29104187374401186
0.28738804377197014
0.28724662311054416
0.28234924977908366
0.2811258283191904
0.27949560304876053
0.27601771792660024
0.2743794219278633
0.2727405747327382
0.271413960306566
0.2668911225243999
0.265064560452976
0.2623672216837149
0.2626151048081791
0.2589452472499312
0.25706662798355046
0.2549881782843921
0.2522212399701753
0.2531987459197778
0.2500194249433254
0.24751930381487783
0.24537173235583018
0.24366296100550602
0.2420157284610772
0.23998868366947831
0.23838890127236675
0.2371557208071574
0.2350774543895452
0.2330336767623887
0.2300730826871218
0.2290067697335277
0.22763919307137748
0.22664827839085558
0.22399499194215844
0.22223097935362005
0.21975173550915053
0.21985078002562541
0.21790287781012693
0.21592205620480306
0.21342403904859067
0.21203384131992586
0.21025049370928964
0.2093677259587086
0.20702378750620645
0.20587695581380763
0.2044727217913355
0.20326601698434457
0.2013891186287963
0.20091796690792293
0.197191180640277
0.19711692175229534
0.19597420525107878
0.1943586206292834
0.19202306535072464
0.19191243438339792
0.1900272162128446
0.1890198893110825
0.1861305870732353
0.18601266814725195
0.18489619434842572
0.18307085040264978
0.18194169911805316
0.1816337171651401
0.17941750795894987
0.1762090242530512
0.17687243727950663
0.17666615914918124
0.17443947560973874
