3.649259196492663
1.5122846965359689
1.2448182739346436
1.0853044674335515
0.979997817237325
0.8948994941961809
0.8287215562789333
0.7783324390109758
0.7312471491579365
0.6946085722859469
0.6627819716957294
0.6324973175568939
0.605603511599408
0.577959089899844
0.5572114719377735
0.5393095705528591
0.5218768670870306
0.5046491152765114
0.4902499807065917
0.4702898683012742
0.45738671009361725
0.4473408827039446
0.43308479336112554
0.4209720954291081
0.4096356963064252
0.39819260907486154
0.39118634272161007
0.38073050297802963
0.37266480187306295
0.36500318293868017
0.3564651146325448
0.3419079282166209
0.34028604660419237
0.3342809787178859
0.3245715259301379
0.3174720283255386
0.3111141810623575
0.3059050987848449
0.29832113050026504
0.29176243402446417
0.28482059833433576
0.280180784186223
0.28026504623247933
0.2716920460018948
0.26194826444407243
0.26275739798827874
0.2571446591709416
0.25142357472038107
0.24854492323112956
0.24272774178887824
0.23996818095881442
0.2353636807157621
0.23221812665882166
0.22662404422654114
0.22438705800951889
0.2200340761653694
0.21413168884134381
0.21350186199520035
0.20960783570825636
0.2051095620132489
0.2024402542122794
0.2001234238749405
0.19728974337558783
0.19316477822193187
0.1899239759750677
0.18568293251781265
0.1839831526403046
0.18060177906542643
0.17903745150764228
0.1752674547674701
0.17307275642544662
0.17062200754640397
0.1660348818806852
0.1665028850104974
0.16159468431249266
0.16166103405786333
0.15767018576310451
0.15643899710117606
0.1540442502408517
0.14907541111300396
0.14742743972916406
0.14591352271713323
0.14380375177697657
0.1421320146815464
0.1392218892732731
0.1381479072086574
0.13331456269196368
0.13438318493193033
0.13057174007072644
0.1278823168321619
0.1281544805902609
0.1256343084332401
0.12435985456646263
0.12237586822357378
0.11965911352317975
0.11936800897148438
0.11560342672820699
0.11595153576872168
0.1124290970427066
0.10972509877458513
0.11054835155977179
0.10860404919494943
0.10610836223908608
0.10593307941208602
0.1036478215997655
0.10133245430981348
0.10021157015128263
0.09958731080358724
0.09691057476460263
0.09543113433218094
0.09415977335858518
0.09284884808126072
0.09236258919683947
0.09024188698211248
0.0901263224362871
0.08698144826735328
0.08674588237336305
0.08627689402162599
0.08409199091104262
0.08355036563271712
0.08176874141105062
0.0813652303012181
0.07937463745807279
0.079885097693831
0.0763022962260305
0.07671587619081809
0.07565200166795738
0.0725700807814058
0.07232675979362366
0.07359540949331038
0.07095335676766427
0.07108732482330299
0.06909034381916035
0.06755268492149369
0.06792591557758491
0.06441597203678685
0.06495467854232154
0.06279941502514462
0.062137334340560506
0.06165356004159155
0.061813334343305854
0.06006839938286184
0.06038649072731069
0.05809046795196274
0.057718129353936415
0.055480462306617594
0.055675830356384896
0.055309175156252256
0.05485827745816854
0.05382795320277608
0.05362837008215816
0.05246479832485875
0.05149263920211333
0.05099039133382249
0.049356401920518655
0.04975375875314097
0.04799120775996568
0.04671160733095564
0.0465729348385096
0.04655037064104257
0.046503493014031394
0.04620335115988697
0.044194416039182886
0.043559817821148226
0.042664802028620434
0.04348499537246136
0.042021162704112235
0.042221784202447064
0.0413446208268019
0.03956100541278615
0.03952652961128195
0.03882548930060966
0.0390049421919042
0.0373926567459986
0.037884081604624024
0.03691313789330086
0.035651391160919574
0.036278801245029337
0.0357372600972475
0.035363202996385124
0.03478644016398027
0.03330284394763716
0.03340740881060538
0.0331768683966952
0.0329568305685848
0.03198812609654842
0.03147528695223503
0.031222679968947665
0.030461162048140936
0.030631210880878283
0.028962599011119416
0.02955368779707096
0.029102857623452588
0.02844325276913334
0.028108675456741172
0.027681843754826286
0.026638630802323704
0.026581917474067504
0.026475360156954942
0.026333295309046063
