1.2924773498605053
0.3146955439062703
0.3000568062422625
0.2910335664108034
0.28396439665623247
0.27767112403954036
0.27212319357074644
0.2667918582576985
0.26164052621368356
0.2566370687243509
0.25175994595106715
0.246768820601775
0.24188173298933183
0.23691383156493573
0.23218700871195339
0.22752090891290686
0.22293659572930524
0.21857373387641263
0.21432318118013516
0.21020128901994092
0.20617106801860208
0.20231670153777345
0.19856828886092123
0.19490935394619946
0.19142379849694716
0.18803042779678192
0.18480570507306057
0.18175148825473986
0.1787714217518291
0.17598850774965677
0.17329639658956175
0.1707471567450003
0.16832330078912774
0.1660485770531598
0.16386778248042175
0.1618018251173808
0.15980736357424155
0.15787759760676554
0.15605015831915048
0.15430383598630365
0.1525899719546326
0.15093401624755867
0.1493570618307856
0.1477673241573558
0.146286476501977
0.14481869776671866
0.1433424528808033
0.14195050219037836
0.14051479071794176
0.1391533893190792
0.1378353885440487
0.13646601170069633
0.13512534393584155
0.13383667493666143
0.1325607284657259
0.13129236554711618
0.13004311248793304
0.1287921287457429
0.12758590593733032
0.12636733219715734
0.12516314303585077
0.12400476224284296
0.12284354391332714
0.12173513100186595
0.12061775784568413
0.11951967502143529
0.11844807544417986
0.11741736074524671
0.11635205655241714
0.11534580644466579
0.11437425972732544
0.11336140143662883
0.11245074689659246
0.11152087933219339
0.11062437913749316
0.10975591604419542
0.10890874972716023
0.1080750273809198
0.10726338434238279
0.10648162389955144
0.10573883931664328
0.10497830469458187
0.10422835085269148
0.10354324046348595
0.1028283494134622
0.10218500333219882
0.10153600061761481
0.10089175406303498
0.100295037822716
0.0996679033266513
0.09911514106359366
0.0985371428274968
0.0979852369077651
0.09741959545425975
0.09692557616617652
0.09638115153055864
0.09587056433474295
0.09537362846559104
0.09492504040368908
0.09445215792825501
0.09398282153500208
0.09357152868528416
0.09308895215880947
0.09269414453504994
0.09224773202305435
0.09188549281702717
0.09144988217388755
0.0910770762137982
0.09068428146018549
0.09032532632807606
0.08993819640811522
0.08959544057565051
0.08923239319209313
0.08888292767335203
0.08854756296044584
0.0882117323606128
0.08786142395485282
0.08756948198279206
0.08725050986325578
0.08693222799816992
0.08661441127132972
0.08630025308136403
0.08601980435059929
0.08573679010893266
0.0854291475691082
0.08514478089735732
0.08486799373120353
0.08457744739322702
0.08432782220761198
0.08402491906786147
0.08379616943570702
0.08348305214088848
0.08323575285074344
0.08302831833873542
0.08275644521381585
0.08250301069452153
0.08223937240501956
0.08200482821527874
0.08176282404001756
0.0815384400992728
0.08130378371369622
0.0810650467575083
0.080855356811658
0.08061309303933724
0.08038055481073748
0.08014913426917879
0.07993597758224145
0.07971489831520993
0.07952302957681862
0.07929908962492842
0.07911380830560663
0.0788953397339238
0.07864940000799994
0.07848184105858773
0.07826087936796793
0.07806855884855075
0.07785874534956862
0.07767727072090574
0.07748021993414292
0.07726764639452785
0.07709613263052595
0.07691254003531507
0.07671461932933306
0.07651378256518737
0.07634453232164376
0.07615511802782456
0.07597175456096635
0.07580211267628278
0.07562977445900311
0.07545074268590936
0.07526646902902535
0.07511230256407693
0.07492479950861826
0.07475022662077381
0.07459930746608621
0.07441029687021011
0.07423871268544652
0.07406693884477879
0.07392604450295832
0.0737621511062727
0.07355919190381073
0.07344719511087361
0.07326216636340523
0.07313853825519538
0.0729344370523996
0.07279893912649422
0.07263634402616422
0.07250540023889006
0.07233972509381105
0.0722056844335474
0.07203738022428992
0.07187978986686148
0.07175804182329808
0.07160417060891426
0.07144833638768021
0.07129122958944079
0.07115573379629775
0.07103204493269481
0.07089813727829884
0.07072417734190879
