0.43598688222403464
0.3592476717941085
0.29500675907943325
0.262952948775704
0.24529054799803038
0.23386125628705687
0.2256312100223616
0.21958173911679746
0.21528424459737527
0.21212323825398038
0.20969076818943355
0.20762660389243237
0.20577334691351812
0.20402179181024524
0.20231649798018783
0.20064155975448153
0.19881903623479835
0.1967904547194812
0.19478856133027697
0.19237548645987337
0.18981862320119222
0.18695453374719181
0.18386059048434542
0.18046936049503115
0.17688640949361356
0.17313032585413726
0.1693159267382097
0.16534024419432466
0.1614038799486775
0.15742486425075433
0.15362959959017655
0.14978501029936198
0.1462088302053406
0.14275461835025074
0.13948245571374226
0.13640404314697102
0.1334757926836118
0.13069828103642891
0.12823164704983786
0.12582423358697817
0.12365876447485757
0.12152107484401388
0.11960518144299509
0.11782021844002567
0.11613841130984302
0.11456021669082246
0.11308640720546574
0.11170697685032305
0.1103556192874081
0.10910946417581312
0.10793584294804336
0.10683509749676794
0.10571886946358978
0.10474709040893919
0.1037852811326679
0.1029210747245074
0.10204272081750405
0.10117351468827103
0.10033943362637698
0.09958302378396983
0.0988180765871744
0.09811717688402168
0.0974335904791857
0.0967740808588985
0.09612426273309842
0.09549398773621981
0.09488445026072419
0.09432975919460788
0.09379974961128686
0.09322215447000785
0.09272682545630762
0.09216143082040555
0.0917111608706938
0.09125397082473898
0.09076414557670916
0.0902878644569249
0.08986560179572667
0.0894122270319563
0.08899241093781601
0.08859712189751974
0.08818814881633293
0.08776670485149347
0.08739416545289512
0.08702927096968575
0.08666328341979479
0.08626658031130278
0.08595188723845197
0.085627648086105
0.08527490580907175
0.08492339121549124
0.08456013600175531
0.08427357229190567
0.08398801982180522
0.08363858550436876
0.0832953406031778
0.0830095172663207
0.08272798147840754
0.0824965448593022
0.08216196271296966
0.08186151303504996
0.08161169108646994
0.08135821605761424
0.08107907892102427
0.0807985368358519
0.08053720931764018
0.08029172210463247
0.08002248877605549
0.07974004986691588
0.07950190193786406
0.07931052736735407
0.07904615047243357
0.07879748030181659
0.07857412654081762
0.07836415495795587
0.07814675548971446
0.07788313531466445
0.07768353276747854
0.07743676548790668
0.07721655979422214
0.07702890369625774
0.07681274914869267
0.07665063947921144
0.07640437179326072
0.07619364282928885
0.07601788478227563
0.07582719399143666
0.07559773002138623
0.0753884174358543
0.07521810635420646
0.07502952892068955
0.07482331990381372
0.07467714226662393
0.0744604750493105
0.07431099435509365
0.07411680064815293
0.07396470695098045
0.07376794846599406
0.07362160836470075
0.07343963248668471
0.07325511836037849
0.07310980382184444
0.07292051497522951
0.07274473810938155
0.0725772687574305
0.07240625434116234
0.07228270939635069
0.07213313510322976
0.07197372410444634
0.07180728973402345
0.07168060464274749
0.07152009867919217
0.07135055770615112
0.07118858041367727
0.07102127028702794
0.07091571530142013
0.07074512406290358
0.07062570135164817
0.07045808243891935
0.07031607843174492
0.07016349504729175
0.0700509372115017
0.0699261807794988
0.06976315218341671
0.06963996279792019
0.06947162051292792
0.06936776671862036
0.0692214694141521
0.06906921764684669
0.06894075384119339
0.06884348608883117
0.06869216055324952
0.06855711157618559
0.06843574414630677
0.0683247187067782
0.06816674452287143
0.06805272212150752
0.06795249410123963
0.06779385130818892
0.06772331773055983
0.06754914427530195
0.06744469556553791
0.06732510794374001
0.06718540526921901
0.0670847066308712
0.06694344020051951
0.06684195956591253
0.06673595203835676
0.06656950150133349
0.06648509338897274
0.06638098118215885
0.06627644980747137
0.06616601629883413
0.06604930606458496
0.06592530392464381
0.06581673700755608
0.06571885819080558
0.0656042168192225
0.06550907798600768
0.06537449879338272
0.06529148990612688
