0.40462892176151843
0.2844328736815555
0.24277291665139114
0.22528866361612784
0.21630792705426335
0.21098271351746556
0.20674214986193995
0.20264353059299553
0.1978615015546401
0.1921548077834029
0.18558399791393118
0.17818030598855936
0.17057067371719373
0.1630400549300264
0.15591723304777697
0.1493306130087019
0.14334946608927987
0.1379700676341695
0.133092424357775
0.12874641100241369
0.12485616094599994
0.12135036107336931
0.1180222542320648
0.11502293118398661
0.11228182138206005
0.10977983466714825
0.10745692003841327
0.10525869426103714
0.10342579780185551
0.10164746075531232
0.10000716733319619
0.09846302456482346
0.0971082172298897
0.09588923824968866
0.09476045277477542
0.09361105682044028
0.09265008346239982
0.09173653158757761
0.09085898808812354
0.09002409901211054
0.08918532853574272
0.08841051345678254
0.08778089033702491
0.08706623740133623
0.08636222506506108
0.08568903043497707
0.08507787346998792
0.08450567406520666
0.0838735779283658
0.08335577949008281
0.08282277021598121
0.08220533158960887
0.08179782271268167
0.08124395215435992
0.08077615503147216
0.08025635629617037
0.07975145760959362
0.07935875687624132
0.07886899597316206
0.0784302794236689
0.07797123446034268
0.07757804162429056
0.0771659231784332
0.07678512555259454
0.0763844054263565
0.07597372447816654
0.07556174203135357
0.07522198067681818
0.07481701844346662
0.07450550561877854
0.07414115820416174
0.07377381671898632
0.07339798245202754
0.07309705952502216
0.07280559029338576
0.07246562870936228
0.07212774107118448
0.07179618584810163
0.07154524433413306
0.07120647249129163
0.0709346659328085
0.07063146318567387
0.0703714419737884
0.07004706479426842
0.06980828799773196
0.0695611493867125
0.06927807491992523
0.06904919275337888
0.06874020847934158
0.06849058075235466
0.06829682936781241
0.0680505080474814
0.06777618435444527
0.06750503152083286
0.06728733733939318
0.06704056621927316
0.06684492523067044
0.0666204407693525
0.06640324593408597
0.06618024839079671
0.06597003214602215
0.06575470767944512
0.06552591775445281
0.06534003914401315
0.06515067999743195
0.06492442965110608
0.06473823037363881
0.06456983471632184
0.0643550964043572
0.06416767645005161
0.06396904361005538
0.06379821755656785
0.06359042820155558
0.06346590119978979
0.06326641666176232
0.06305581905439338
0.06288853891732589
0.06272065971722275
0.06251859483687963
0.062374440454569434
0.062209300828702276
0.062051112979725216
0.06191151786275373
0.06171362620707044
0.06160576511353166
0.06141575804818864
0.0612695608958449
0.061099396952038885
0.06093960089986186
0.06078686626755799
0.06065272486826908
0.060533722385424
0.0603854522655779
0.06021191632025641
0.06006854089818737
0.05992068642602364
0.059778549374306524
0.059655283081786435
0.059513991169939086
0.059336983207301554
0.05923971720672411
0.05913159184338418
0.05893619140615864
0.058843099064011105
0.05873623276894061
0.05858883368951395
0.0584434726988892
0.05831644699750288
0.05819971970452396
0.058077938489021014
0.05795734071062488
0.057844280883296774
0.05773146425380828
0.057593820241840454
0.05746545857015853
0.057370570101990224
0.05723275112722483
0.05713045728310313
0.057032413064842434
0.05687704294966831
0.05676203870131032
0.05664673117423569
0.05653974298817418
0.05642492456807733
0.0563415388527219
0.05620319479607457
0.05611958836229608
0.0560071969036281
0.05588884090630292
0.05577967886888546
0.0556557589131866
0.05558943907196024
0.05547371236580073
0.05533972922098548
0.05527199365479976
0.055151375878097625
0.05506475518774397
0.05495096511741399
0.054881732647724744
0.05477396455916423
0.054665146665834385
0.0545730694266696
0.054487183307676844
0.05438589995619558
0.05428651824768208
0.054170265229143415
0.054081105610590575
0.05399844449547026
0.053912280713022766
0.053830360194147074
0.05372888425952743
0.05362557147512339
0.05355511571190996
0.0534691886820812
0.05337336362066456
0.053272229993777946
0.053212618751229436
0.05312025396914982
0.05300325933979525
0.052938676037131836
