0.3732857182290384
0.2537865488888385
0.2256142338888306
0.21455152659024
0.20778190914871364
0.20159739889402314
0.19386932908155763
0.18476367362411183
0.17399342356495173
0.1628124778424517
0.152016723471314
0.14226911035111114
0.13377550554426718
0.12679435802247083
0.12112772520227832
0.1165274688082918
0.11258942616959088
0.10917081819934654
0.10632348946279396
0.10372387460698552
0.10146405130638712
0.09954802018612789
0.09766056743382669
0.09598438879490101
0.09438673852835633
0.09295228658772432
0.09159626990554315
0.09029945940816243
0.08912827868755772
0.08805126820173777
0.0870050854064643
0.08598408069011432
0.08493838275297332
0.0840878296902372
0.08319147337447125
0.0823749889927748
0.08150324863854856
0.08078881856174419
0.07997043081361589
0.07929437534093679
0.0785746534815594
0.07787051809452593
0.07718921915893531
0.07653643922201163
0.07597052152183502
0.07536749461261742
0.07477013815802873
0.07418294968869087
0.07365765152930275
0.07309107220037021
0.07257382029128157
0.07208391186535808
0.07158789082906226
0.07115358250748717
0.07065218954886082
0.07021254786844798
0.06973799416536973
0.0693806999465522
0.06895283699035035
0.0685791846365808
0.06813076859123883
0.06781128848112324
0.06745151652080009
0.06707742698126971
0.06668526075666457
0.06638043318621965
0.06606454425469954
0.06572732310859686
0.06540009219812214
0.06508921758589936
0.06481800788756664
0.06455090704017445
0.06424699706209862
0.06396076765377316
0.06371384446428698
0.06341776997987066
0.06316790725748433
0.0628632417112224
0.0626552264312195
0.06237394220886131
0.062144273305696794
0.061940485562730525
0.061675782053427906
0.06149331158424872
0.06121938758695026
0.06101750490557691
0.06078855662753139
0.060591068271213765
0.06039221557706101
0.0601318078249826
0.05997488944109156
0.05978297438991966
0.05952529723392815
0.05933982884332134
0.05917683980615868
0.05896910498152738
0.05876481732154376
0.05859471930813015
0.058403798128381895
0.058256995124094546
0.058062093653336366
0.057868767708599465
0.05768623070236007
0.05753876500193552
0.057346518600011
0.05714697192826825
0.0570167843021168
0.05686617412421661
0.05671398088506365
0.0565327607050271
0.056381582954064834
0.05622046338314408
0.05608002233471269
0.05587878248382699
0.05573260461382882
0.055605052444614306
0.055472313249733875
0.05530082196946707
0.05518117102297867
0.05502964342300281
0.054883123850490385
0.05471653771302377
0.054581183215408335
0.05446617984228593
0.054329871302863396
0.054197933600090564
0.054091273120787285
0.05396387686860495
0.05379582949466046
0.05368922113752883
0.05356999254436499
0.05341536263896716
0.05332313186095553
0.05320871600748689
0.0530354548969846
0.05294813451882364
0.05287040312760194
0.052681374440196736
0.05255219737520259
0.05246307862751879
0.05236427463901768
0.05224918656520038
0.05211433276223654
0.052046141705844685
0.05189949186035836
0.051804997834842936
0.05170187053322947
0.051571953392603655
0.05147551314786893
0.051351466566922264
0.05124813665881573
0.05113497426011171
0.051081785704017856
0.05095669129512944
0.050855307160835785
0.0507476451959629
0.050647335818951554
0.05056462579232853
0.050452945435652596
0.050315711108239757
0.050256643338451
0.05015706574428592
0.0500418498511338
0.04997166926481913
0.049865442833271406
0.04977510160098134
0.04970973248230263
0.04960167475926727
0.04949263084815414
0.04943248301627451
0.0493290709488598
0.04921699105091648
0.04910920265849777
0.04904424396965871
0.04896440473065198
0.048896827971206404
0.04880117585000534
0.0486952368399444
0.04861472817006953
0.04853695068662547
0.04845753051212932
0.04838321813215899
0.04827211256360844
0.0482171874053283
0.048164487802352295
0.04800530825150227
0.047939027624524705
0.04785026230481426
0.047775852626770234
0.04769721675621302
0.047636469972066976
0.04757133583118902
0.047473766537677264
0.047396011931445374
0.047340157427050965
0.04724736709822075
0.04717897199678075
0.04712995186784858
0.0470173783383786
0.04696463867901341
