0.3324267480704884
0.2265126808339777
0.19990936665675055
0.17327200410983346
0.1492583018276265
0.13232554318944792
0.12099974775448889
0.11284396185074456
0.10661930614516897
0.1014925515083523
0.09754972144173579
0.09412335252309473
0.09137937255106893
0.0890455108552678
0.08706481233926254
0.08516870429418599
0.08349111398151983
0.08200671927456345
0.08057373598654051
0.07924712616357878
0.07802082303539014
0.07694730737292722
0.07580292840113279
0.07474154141168209
0.0737799560182733
0.07279514211964076
0.07194879265490227
0.0711353155379888
0.07030860223987137
0.06951077623227424
0.06886931770531993
0.06813543223783398
0.06753875155680263
0.06695587849646123
0.06635044342898634
0.0658563289060928
0.06522821134843011
0.06477602634241937
0.06428449513570907
0.0637410486938424
0.06333218666058206
0.06283025485525791
0.06239330183755772
0.061955204903684336
0.06158220314662189
0.061156839168419797
0.060748543432880685
0.060402827767650276
0.06001886950752946
0.059629768235017
0.0592906774367224
0.05892104806127688
0.05859528028703275
0.05831424384101582
0.057917173136771284
0.05766483816140983
0.057352815141284236
0.05705863099965373
0.05673757237126228
0.05647906662898822
0.056211627846459854
0.055932824865612796
0.055696313177124424
0.055433776586078266
0.05517115964546832
0.054946514594446445
0.05471807137727397
0.05441985978927525
0.05419943375428699
0.053996821790219314
0.05378416506706705
0.053630701779215306
0.05335558546072531
0.05315958353932515
0.05296077396369798
0.0527991703868298
0.05259024893871794
0.05236249830276949
0.052155275831159
0.051997218489729324
0.0518001550320187
0.05161123905664692
0.05150314859800931
0.051280962206355224
0.051090581376794696
0.05093327718400403
0.05075343914745357
0.050598000100876304
0.05045923072542702
0.05026792458338878
0.05008629242324933
0.04991892190354058
0.04982832603954945
0.04966037943380381
0.0494853935948076
0.04938326643336719
0.04920971220319578
0.049106251036146235
0.04891978521653303
0.0487881676971138
0.048632686436541415
0.048528970270683806
0.0483707188866559
0.04823397784174105
0.04810368874219165
0.04794949817690005
0.04784728166528864
0.04767746403610932
0.04759196167639181
0.04743179067661037
0.04730242896062035
0.047206985689982696
0.047069570450898525
0.046924774410068454
0.04688283263713716
0.04671521093361597
0.046566726799376824
0.04650351806584774
0.04636994906161431
0.0462468284819498
0.04609513516099178
0.0459851511437269
0.045845748636284545
0.04576075884753994
0.04565834634806862
0.045548920920850146
0.045425999476791656
0.04531723546558508
0.04516205972710142
0.04507548651549137
0.04497418981292714
0.04486784895102772
0.04474403536706286
0.044707261176851566
0.04456206268956045
0.04449269666901804
0.044388099338851815
0.044263192497874145
0.04411595155408327
0.04411423618047058
0.04400366985832793
0.04385878655073966
0.04376438946011258
0.04367121423028667
0.04359209612467185
0.04350064829183528
0.04340415390872714
0.043326367369295425
0.04321415954702482
0.043124307002286776
0.043009298914759776
0.04295158142721508
0.04285894379050004
0.042727893639768
0.042636670820834
0.04257209196316162
0.04248166694361279
0.04243188891114233
0.04232186956661014
0.042184197153282886
0.04216252047844396
0.04210704612232169
0.04201134295110004
0.04188386924292714
0.041824327451927545
0.041749562606595216
0.04165739989471684
0.04155004269435513
0.04151284174681481
0.04144719638915403
0.04132236234364398
0.041267403205608795
0.04122756918666052
0.04109834667048277
0.04105644345763809
0.04093328853178351
0.040899264381175145
0.040836640645807894
0.040787958360377366
0.04066973452946512
0.040620449241597606
0.040546671921464085
0.04042800421399641
0.04041004579135626
0.04036076361884908
0.0402481408830111
0.040187254707930664
0.04013659878058251
0.04003295920857224
0.040031347089187874
0.03992387393102776
0.0398939817178502
0.03976985601818027
0.03976070092581029
0.03969589931081779
0.039613992158655804
0.03951012612651931
0.03950586561190081
0.03941672832211896
0.039332510851318524
