0.45198497676866567
0.24003380990731168
0.16607632367941777
0.14191089175421026
0.12439927217993484
0.11356625762806433
0.10708146880529991
0.10244680459414464
0.09851024294311818
0.0955764471894827
0.09289280592512428
0.0905740960260794
0.08867385074749863
0.08704692259691493
0.08553175273742492
0.0844269948780642
0.0832904641252169
0.08223730112151822
0.08139047986582208
0.08067030829090392
0.0798825852071202
0.07919678649109942
0.07844259518656059
0.07781433230993666
0.07717014386141065
0.07659337154918236
0.07582977019449998
0.07534639858953286
0.07481713082516818
0.07427746454831788
0.0736351690870868
0.07304223204244169
0.07260257857775941
0.07204235072763447
0.07157375011149447
0.07114318003273784
0.07054958710651221
0.0700831266635345
0.0695490159237866
0.06912177436552308
0.06862720680497651
0.06809531009211983
0.06764416993128702
0.06725410381382034
0.06681347519833315
0.06632860096023165
0.06582348475404577
0.06543365541553407
0.06517968122003319
0.06465711906903245
0.06435638102075436
0.06399054462465427
0.06361913574904897
0.06327291687918944
0.06288368121647019
0.06249268219625631
0.06219076967056111
0.06193068642295057
0.06162952243951727
0.06136326920882853
0.061126447974082
0.06074152773245987
0.060532943490598956
0.06025233867545049
0.060079478596627316
0.059824498389956175
0.05947829138115601
0.05936730431471252
0.058996556365953114
0.058859575163998645
0.05857759226789336
0.05839158573627077
0.05818628813193897
0.05800162508560477
0.05781337530890388
0.057557532896294596
0.05738813713674457
0.05715957713165232
0.05697689178846208
0.05682770832448683
0.056691531198988655
0.05645247025300402
0.056335624782156014
0.0561328373507051
0.05596070515467546
0.05579734991677935
0.05558766189662471
0.055586321898262736
0.05532186089628649
0.055195116521492525
0.055055304044414145
0.05492383288946882
0.05473096520522767
0.054527866571989936
0.054372179110599474
0.05425375294631326
0.05415415333149465
0.0539608919902792
0.05386895861241097
0.053751059444448024
0.053620512332204384
0.0533975869668377
0.05335090342033297
0.05315923216111754
0.05308539188856518
0.05290462262475762
0.05278402213222192
0.052657669968550924
0.05255363572584013
0.05239625325702337
0.052328030763131195
0.05213722911115685
0.051994902703450224
0.051880953384311486
0.05180071582887231
0.051652188381109444
0.05156198949914348
0.05142654512818131
0.051312440196043384
0.05118524645566197
0.05111493262014272
0.05099573229100779
0.05081492576407847
0.05070656926253203
0.05061532823545443
0.05054178405894427
0.05044729517070399
0.05023264540925138
0.050164522353394525
0.0500894091826318
0.049927531947314585
0.04982563324879541
0.0497616717397801
0.04962822335923699
0.04954289400680507
0.04939779575650177
0.04937613790437049
0.04927804057336365
0.0491116551359635
0.049024648084338984
0.04892273930224455
0.04880052848479979
0.04875827962136279
0.048649681720822784
0.04847473468120165
0.04838250002395119
0.048304410485136166
0.04823717090183416
0.04822813275717267
0.048050494910434664
0.047963759734232086
0.04791837866813461
0.04779896460809724
0.04762383016172081
0.04756427247576176
0.04748114694116514
0.04742525864866789
0.04737794088169147
0.04718985074997817
0.047139976271911084
0.047149370769506316
0.04694255397526051
0.04686343658676891
0.04681724276912266
0.046685483986573774
0.04663963262945789
0.04659417399393042
0.046451058188693495
0.04635360662734355
0.04625456915114399
0.046190630090565316
0.04611814570688452
0.0459464617250269
0.045927605051318744
0.04579575638476501
0.045799420249860785
0.04562329161497943
0.045614865861892916
0.04547568959796008
0.04543657847007598
0.0453372260940727
0.04525001336630236
0.045189166129212734
0.04514768035370647
0.044999992854887975
0.044937602512951196
0.04481077924472208
0.04481869061840398
0.044702607208397915
0.044603942845559096
0.04453994389519628
0.04451809810296988
0.04442351534221517
0.044311999418348964
0.044247646546300666
0.04412463556873144
0.04405628038514373
0.043996806201149374
0.04392911503731505
0.04387843247891112
