0.44882036032800743
0.39359962789714936
0.31056852631794624
0.2702468452291444
0.24883782316074063
0.235634744998351
0.2261308348505525
0.21922731240920046
0.21431572169089674
0.21083616058320562
0.20797932936161723
0.2056911402384544
0.20351436862545672
0.20137005911004305
0.19916865407398313
0.19687739437267457
0.1944372018648826
0.19174273979330003
0.1888000413778572
0.18566399827040592
0.18226739208125786
0.1787470627956713
0.1750609087733235
0.171374746165589
0.16759308426729702
0.1639116655625756
0.16018758889722257
0.15660705733771632
0.1531323096459856
0.14978882894401113
0.14654714002064784
0.14345914600913026
0.14050167715713102
0.13772045628382842
0.1350028648959474
0.1325348603890655
0.13016770765076888
0.12791315129839906
0.1257809743717455
0.12380413369288583
0.12193112517019168
0.12014671353488034
0.11844156643530308
0.11686197371858005
0.11537087976541023
0.11391784875822993
0.11259213577622022
0.11127643704445626
0.11002350801656358
0.10882266176885598
0.10770984226639906
0.10655384460655087
0.10551779489439651
0.1045272905374753
0.10353971690061979
0.10257766716949723
0.10169079578747015
0.10082360157581131
0.0999714181779335
0.09916450370888219
0.09837258507772378
0.09762036615930897
0.09691843826069456
0.09623188927646457
0.09553000799703275
0.09487906641971271
0.09424524220512158
0.09362398821037306
0.09304621190333735
0.09248627247211451
0.09192009504283936
0.09140642616050676
0.09088681836170324
0.0903842949365125
0.089876313932998
0.08943201379846022
0.08894705049278338
0.08850869511022386
0.08807367448069547
0.08765502091718047
0.08723761606450192
0.08684537665816006
0.08642562893988603
0.08604213404437804
0.0856820169145041
0.08528649802005454
0.08492255541233314
0.08458099668354994
0.08421758666015028
0.08387654852095694
0.08352190219874667
0.08321620867124552
0.08286571928235999
0.08255415721887822
0.08223294967235176
0.08191561051216817
0.08162635857363133
0.08131179343908326
0.08102375549946125
0.08071339871353499
0.08043082754509959
0.08013199004449664
0.07985500334787267
0.07959103127745949
0.07928555442892662
0.07902706503918691
0.07874914197087217
0.07848423338533934
0.07822264546387413
0.07797201453726608
0.07771165572712894
0.0774445896692554
0.07719233588558647
0.0769580042376861
0.07671381701983099
0.07647592119936322
0.07622648192935551
0.07597957240436998
0.07573880970251186
0.07551887257412672
0.07528837814996654
0.07504153219817729
0.07483541209356628
0.07461373661626892
0.07436788554943506
0.07417486257817175
0.07397004871459009
0.07376546961072011
0.07355594803142736
0.0733426826179669
0.07312883945152122
0.07294169615678693
0.072731458762491
0.07255665957215494
0.07234378970521647
0.07216103261854964
0.07196162711131608
0.07177482099744247
0.07159386317115583
0.07140985954709116
0.07123896130458335
0.07103895842792816
0.07086801742833602
0.07070013353598585
0.07054735938359165
0.07037286683680684
0.07019881476756061
0.07002374262550608
0.06987313820143694
0.06970004513985346
0.06954512837012147
0.06939420709222695
0.06924514068406383
0.06906608582937535
0.06892393146543915
0.06877111818362487
0.06862655305169922
0.06847993557909893
0.06833066728667717
0.06818821291944353
0.06805726816825321
0.06789297298284645
0.06775559004431075
0.06762419458117454
0.06749313982941808
0.06736488785981513
0.06723060351789172
0.06706429847628348
0.06696002774403724
0.06682346232332352
0.06669897786738276
0.06657698478165686
0.06644734051337134
0.06631224349842056
0.0662074091103171
0.06607354931345182
0.06595075931938214
0.06582549922593574
0.0657217752450917
0.06559687551906677
0.0654647674382309
0.06536411813684632
0.06523874730455172
0.06511378643340197
0.06501353631497699
0.06488780257728567
0.06477825540992949
0.0646604145793027
0.06456893790026423
0.06446530073032926
0.06432760133586087
0.06423247888758023
0.064138095934629
0.06402460934339692
0.0639156034716478
0.06380991398339385
0.06372119527663202
0.06360194814472236
0.06350384706582644
0.06341163109779532
0.0633020705779134
0.06320246599181353
0.06309813655048117
0.06299980354983488
0.06288618951720164
0.06281489309792544
0.06273042100742439
0.06263005670574233
0.06252015003791174
0.06243098019050427
0.062348845900967925
0.062236300049319494
0.062145469979685675
0.062036989633168234
0.061946979428741035
0.06186076515284158
0.06177289959788213
0.061694787342194385
0.06158432104690661
0.061518699492705366
0.06141560245430438
0.06135021093947258
0.06124836717410851
0.061162185885519534
0.061089177348854135
0.06099962551386654
0.06090881415192914
0.060831964701417086
0.060749187976086506
0.06066399431924058
0.060570326573921966
0.06048552090226112
0.060411511161119875
0.0603079751326182
0.06024937248764111
0.06017131402855655
0.060092136790416556
0.0600240288740872
0.059932041419722505
0.059861673363303475
0.059766096757050226
0.059696946656713684
0.05963132746844238
0.05955153297205889
0.05945481537078362
0.05939941089131842
0.0593378229591516
0.05923513466662623
0.059168438982888295
0.05909182930338458
0.05902373990366577
0.05895307170191628
0.05887017945291423
0.058816662230284054
0.058737784630267985
0.05867352394334389
0.05859173209800716
0.05853659165892386
0.05846572383553749
0.058384056523364
0.058322531444965194
0.05826765679374373
0.058189038702958586
0.05811687368016951
0.058058073899007134
0.05799445123750055
0.057927860560886495
0.05786210267186826
0.05779372266421045
0.057730329006991744
0.05766546340487621
0.05759291952715501
0.057525110713524445
0.057479951049960044
0.05740261583946355
0.05735855469338119
0.05727277206760889
0.05722165863059437
0.05715990569886828
0.05709274796677095
0.05704226930126808
0.056974987231727135
0.056921852894584145
0.05684596103289675
0.05679433099548848
0.05672547743343947
0.05668752142053454
0.05662225332186117
0.056545355195798785
0.05649118192758034
0.056437829396798804
0.0563805545915912
0.056334993026859514
0.05627514532545507
0.056232657041352885
0.056154379765074
0.05609335060961198
0.0560504608168324
0.05599775639115239
0.055924937374418913
0.05588058554629639
0.05583403778436768
0.05578503740430852
0.055719243273131956
0.05566020909400137
0.05563550376019095
0.055549928280628075
0.055505097065942206
0.05546091077041978
0.05541080012045751
0.05534222956504775
0.0553054552544609
0.055250925487290055
0.055182430606363186
0.05516502169562873
0.055088661932199134
0.05503333120023032
0.05499880557081144
0.054929044061617166
0.054895094551279076
0.0548375165332833
0.05479399732611622
0.05473066244857922
0.05468970953879405
0.05464860760908652
0.05459673237681776
0.05454495734634904
0.05451275347669795
0.05444837972009681
0.05439133612318849
0.05434730397612273
0.054317044961429195
0.05426665167093906
0.054211302948723304
0.05416937868049546
0.054134685893994054
0.05408975024928519
0.05402909481600924
0.05397358623890189
0.05394799473021975
0.05389426093622895
0.05384419214764258
0.05379876583426204
0.05375296575585949
0.05372020509038799
0.053652221117795135
0.05362603230552495
0.0535816592074033
0.05352639194607555
0.05349342333171844
0.05344125481108136
0.05341786985537797
0.053359757726807344
0.053308631093128916
0.05328661814665972
0.053236818369506694
0.053200821891092376
0.05314165476504762
0.053110159101014354
0.05308160595378006
0.053019841712289496
0.05298874428783152
0.052939768793385716
0.05288930247095766
0.052858405996730036
0.052801050863947284
0.05277364779157143
0.052722520294339
0.052692185594109674
0.05264848726026757
0.052608506022383955
0.05257610850271927
0.05253706634346486
0.0524926633017457
0.05244500669988359
0.05242963523723195
0.05236848690914973
0.0523255446747847
0.05229204193816459
0.05227066380585177
0.05222000484573986
0.05217931999933165
0.052140314789134494
0.0521009764979574
0.05206058994867585
0.05203090087692192
0.05199013585171005
0.05194399152357219
0.05190974996887358
0.05186142476224046
0.05184176306099037
0.051790058765572855
0.051769825200430684
0.05173182560762393
0.05168749193838695
0.05164647638972903
0.051617244203214126
0.05156551468386778
0.0515349630103413
0.05150307145728105
