5.139195772265244
2.5169398938161796
2.1205853837302184
1.8981193750841685
1.7452123748911845
1.631314546657241
1.5375399096931017
1.4564958076962167
1.3887292437200378
1.3274817846163633
1.2780830134819365
1.2277389834832289
1.1862663371576267
1.1464325010059493
1.1111640902270057
1.0799124569028613
1.0520010558589856
1.019516215659446
0.9968854510778208
0.9706161232874096
0.9469031442331722
0.926930031473517
0.9070047719770434
0.8886176607578301
0.8699108537647265
0.8499602163698537
0.83452529693544
0.8185235480716296
0.8070915521255119
0.7902886493761319
0.7784428703001453
0.7639503163818233
0.7510742935255816
0.7390570980859335
0.7302671871753454
0.7169094650631482
0.7060736267730161
0.6977713274393652
0.6876650390108511
0.6754860663968466
0.6672414923447015
0.658095064855624
0.6476029137613463
0.6401254173327201
0.632630108300628
0.6249049850129169
0.6158875445676046
0.6088860558241501
0.60319835687084
0.5954416426856327
0.587628029492632
0.5813466209663962
0.5743142181719442
0.5684194168403983
0.5609964791050284
0.554822021298303
0.5489926802310708
0.5430630607349614
0.5373887977331174
0.5348901303615752
0.5270015898985019
0.5221314071431377
0.5144563882346557
0.5114168090283578
0.5057559415820686
0.5017235112129369
0.49689578669969986
0.4938645994535746
0.4876008310420897
0.48300244582884305
0.47886872322956336
0.47321484643477607
0.4689931458865763
0.4660849843580955
0.4607393361503204
0.45644674082425557
0.45069824853885804
0.4522576455647523
0.4458920116160198
0.4406269075084359
0.4369579496670691
0.4344286814448326
0.4302322994039311
0.4269149652723277
0.4232697396717124
0.42044393861837315
0.4181028525952109
0.41318407697877974
0.4100507105694191
0.4066848894802242
0.40366432235644534
0.40082958568162
0.39684191053094536
0.39489355120403485
0.3917402540643275
0.38852828813286505
0.3854089950123833
0.38234359866050144
0.38088236946094006
0.37775699996751383
0.37554659253051587
0.37227716661551563
0.3712113500090209
0.3664108746371147
0.3639577217477359
0.36244737148412626
0.35963511657564157
0.356431556593474
0.3547817012536632
0.35302383467923687
0.3504976310392047
0.34751170567870676
0.3440129327670541
0.3430925439439783
0.34056694124952136
0.33817255765612825
0.33543161784122993
0.33480332810015206
0.33269660044545507
0.3307066184560263
0.32747834519453867
0.3241632665155873
0.3230392916245397
0.320473764799297
0.3194438877707772
0.31603503956703044
0.31552117626651227
0.3125762171476631
0.31058905564981876
0.3089956867990692
0.30674097127609085
0.3060470063353559
0.3042994226197172
0.3026446781865468
0.3009228498273688
0.2989329523829192
0.29590180803243377
0.29543710528600003
0.2935541669408323
0.2915824974821458
0.2887919353620037
0.28796879894890454
0.2864297922967866
0.28418975975076594
0.2827556361354569
0.2815371984850964
0.27993431494891163
0.27834895193196424
0.27626176408573977
0.27490198813912975
0.2736324194396665
0.27122283053752444
0.2699623341837458
0.2699033295029433
0.2667521450503895
0.2658246862542372
0.26509352555420146
0.26277962871111793
0.2617563320315542
0.2598019290604119
0.25816266552516265
0.25658492211620904
0.2563651980521055
0.25348988379693355
0.25275863189470643
0.25172511628012034
0.25036635356600695
0.24998239846786607
0.24837497288267696
0.24673393141170297
0.24498404433433074
0.2438088390155352
0.24304978965726534
0.24159177708687607
0.2395303253441309
0.2386661982981335
0.23742483531757508
0.23595566517595015
0.23501689652130844
0.23401012873711435
0.23351092164676024
0.23156814795004468
0.2307880651071884
0.2298418252485762
0.22900343507260254
0.22663492721519182
0.2263366923992117
0.2251803374447929
0.22462839115288058
0.223175880638538
0.2220367817390818
0.22070784589931525
0.2193901653902943
0.21897126358508345
0.2163051726447055
0.21702120790130985
0.2153662197912604
0.21539790272394435
0.21376429327960478
0.21225007430142542
