1.0772279584618332
0.25957620570774703
0.21643279499134638
0.1941458919839892
0.17953552652311752
0.16874349205756398
0.16039711218172942
0.15363687243214771
0.14804827038355597
0.14328429167790244
0.1392193775284826
0.1356366455626223
0.13246273258169167
0.12970126806125146
0.12712457275989916
0.12479259441812342
0.12277674482717987
0.12082575736446784
0.119075259102925
0.11745735802831236
0.11595734108838524
0.11452943922708224
0.1132506681091509
0.11199581702836801
0.1108922839356307
0.10979949242720927
0.10874953690545931
0.10781854883121583
0.10690616342728683
0.10603006456168147
0.10520874380639679
0.10443013613618206
0.10366459080246142
0.1029584663700034
0.10228445843720918
0.10161963178755333
0.10094986754255497
0.10033425888419989
0.09974440557817825
0.09916456413750803
0.09860142276875987
0.09808375574586253
0.09755275537886399
0.09703181996794873
0.09655193387924903
0.09607232768813685
0.09559439476798522
0.0951249732567259
0.0946914949121339
0.0942606166315003
0.09386036333796825
0.09342432886744861
0.09305973165282107
0.09264116970701826
0.0922466732091952
0.09186578515784483
0.0915168106531138
0.09113762106727259
0.09078549428885928
0.09044974972155666
0.09011137508840335
0.08978210558938589
0.08944812152547248
0.0891165126865332
0.088818951572676
0.08848916287838127
0.08821265292647375
0.08791275938894305
0.0875934845472962
0.0873178268237466
0.0870121381149082
0.086741373690866
0.0864606802416903
0.0861771711566996
0.08592829619041649
0.0856458188389711
0.08540501114158322
0.08513682698153253
0.08486125271765849
0.08463356350206482
0.08439450745818274
0.08413231652044602
0.08389488631593868
0.08366143769492072
0.08342960105963647
0.08318932374069425
0.08297191046358582
0.08273009020781771
0.08251986747673126
0.08227903041246525
0.08208076757560313
0.08184150306850844
0.08166110032340236
0.08143371143606815
0.0812178141199427
0.08102783168668898
0.08079260064056183
0.08061246301057952
0.08041961125527909
0.08021861201571116
0.08000503414591187
0.07982405837845268
0.07961826027060093
0.07944379229875546
0.07924926996912114
0.07906128644555155
0.0788716153907592
0.07871269769867544
0.07852031864181969
0.07833715857957392
0.07817639247630609
0.0779963486088489
0.07781152577278266
0.07763796482343521
0.07747943983130305
0.07731181467515211
0.07712834754908617
0.07698531761172589
0.07681702689914309
0.076657702211114
0.07649827920016836
0.07632366190511734
0.07617044882355235
0.07601241060619124
0.07585672790367647
0.07570230121198195
0.07555774694773473
0.07539408862083967
0.07525832606579178
0.07511112724104296
0.07497628121944727
0.07482144335809962
0.07467587049957317
0.07453918554560102
0.07439288753679951
0.07425552783356335
0.07410123302042977
0.07394534548722471
0.07384668147164515
0.07367615286483094
0.07354991197310957
0.07342574411980354
0.07329580627813796
0.0731684983445721
0.07301443159920516
0.07289007155007804
0.07276768759911684
0.07263886463211615
0.0725244361749498
0.07238600723770998
0.07227739104714354
0.07214614681638863
0.0720152681442159
0.07189324915921974
0.07178475494819432
0.07165260764310477
0.07153182216082708
0.07141042391210545
0.07128676074786237
0.071188252078756
0.07107902797641236
0.07096183577221406
0.0708308030199696
0.07071724175336767
0.0706206703361682
0.07050412725241158
0.07037710781499666
0.07028488449006212
0.0701800257718465
0.0700737164825301
0.06995154157657717
0.06987740937410057
0.06974882474904376
0.06964513486182028
0.0695468511136751
0.06943234418196967
0.06932833492399632
0.06923350010259179
0.06913210895961817
0.06902197997616492
0.06892819376627575
0.06882186595721443
0.06872884960089398
0.0686150191168337
0.06853492373477778
0.0684351083865362
0.06833741841940147
0.06822934542076438
0.06816004605940029
0.0680695987211944
0.06795034167538125
0.06787255370063622
0.06777562318323523
0.0676747118899697
0.06760239065455408
0.06752078339407618
0.06739003943158423
0.06732602022472599
0.06723138712104894
0.06714306389356915
