6.2974526806853754
2.8423057162737995
2.3995957712327125
2.166950510196795
2.013197523336913
1.8961488558713162
1.8053144566605581
1.722621641457149
1.6361086636106037
1.5735446310573937
1.5180957386037075
1.4746226999277503
1.430888496455793
1.3948408529858283
1.3568578582159025
1.3253758932204176
1.2888285383100497
1.2647342638651777
1.2366889692478351
1.208015495078252
1.1844185788826758
1.1619497707764002
1.1378304495397846
1.1147285646920297
1.0949422264133466
1.0723539182861355
1.0542281391529038
1.036463007151636
1.0185843707716704
0.9977362886910964
0.9852934731745968
0.9680441562658432
0.9522837102156955
0.9377545675817315
0.9221801635463406
0.9084132047589764
0.8965715228831493
0.8839536889771905
0.8710508173876468
0.8607059099594324
0.8462734676895008
0.836449988585657
0.8249990196142067
0.8122134615732547
0.8056645077425099
0.7959265058259435
0.7858977847770953
0.7746963502770491
0.7679739340457027
0.7577001306077608
0.750618261916903
0.7395575812897107
0.7334543388548015
0.7249228416443613
0.716742732309959
0.7072787929539137
0.7029156392946231
0.6953702569956581
0.6877456083240366
0.6812324704347082
0.6738243051286682
0.666797006734159
0.6624295865832588
0.6560924479923899
0.6476093536863676
0.642250951949779
0.6350851724437886
0.6294833319223018
0.6245083469459135
0.6210854606836297
0.6139990142060991
0.6074882730680635
0.6055429361601752
0.5964462885155702
0.5931496127190866
0.588163601770945
0.5844798029277339
0.5764835423849025
0.5747559953931355
0.5689145282203366
0.5656214825109164
0.5603231483378454
0.5578098411140845
0.5513656695715545
0.5466248149619249
0.543834799899963
0.5409776014526603
0.5361906954168103
0.531095003247635
0.527894027319179
0.5228205299224706
0.5210595187309242
0.5182890911994428
0.5119565563878757
0.5102729774364995
0.5058847818738407
0.5032576257859235
0.49661409561378234
0.49546481700622474
0.49155582790666
0.489504629967882
0.48540344514947265
0.4832521555442686
0.4800091669390297
0.47711771714025447
0.4732467518312424
0.47122318881189557
0.46723684256194437
0.46472009508287143
0.463396877875085
0.4575765045423387
0.4560815716041004
0.45412132439319647
0.4506519127170199
0.4487693804238709
0.4458783600748619
0.4419460568882276
0.4408242167363248
0.4381955342745316
0.4353307815094864
0.43384517064126366
0.43138238812292967
0.4286445630592597
0.42671053851162344
0.4223820335600539
0.42169631639672867
0.41959372837436293
0.41659969791240403
0.4141090375228575
0.41087971858638545
0.4095840502727654
0.40670909797539073
0.4055552210445248
0.40347169526080795
0.39912015494807757
0.39791657273820463
0.39580399591212534
0.39476557678527097
0.3938762887433383
0.39060534948865194
0.3885846384159452
0.3850516395437558
0.3838616007308064
0.3810476376068539
0.37886435629763876
0.37792577614222583
0.37663014324303923
0.3749163075922906
0.3709897995674643
0.3692833786304615
0.3693864020477473
0.3667446182858896
0.36574699618871787
0.36257781774757714
0.3617017818362956
0.36072832385232784
0.35963415671018323
0.35597715833361626
0.35577964322033157
0.3527097384370672
0.3506226216599055
0.3479186877029201
0.34886345047222783
0.3462400228221459
0.34517677818559117
0.34271261829721117
0.34220000897982245
0.3393631779830197
0.33880267194183
0.3368200838140132
0.33532852562783955
0.3344409762806409
0.3317003208871389
0.3308254701866155
0.3296672756209277
0.3263028390098878
0.325400248936389
0.32385874876395665
0.3232114468403247
0.3230077524655359
0.3200611351144192
0.31973500648236014
0.31742589805053106
0.3157490021141076
0.31456244573208236
0.3132028275215437
0.3126111846652795
0.31019709203564555
0.3108892146306285
0.3078817889322007
0.3058098585231431
0.3051600842691768
0.30414141305678827
0.30110589980892916
0.302024864592638
0.30000436186042967
0.299489325148305
0.2990256705212145
0.2972276953126167
0.296162613243702
