1.770550245979009
0.30798823897881983
0.27264458326443153
0.247729181596516
0.23031724923248612
0.2173267941653311
0.20691292976088735
0.19781124628250146
0.18957128737926168
0.18191228380206062
0.17494445566528016
0.16845379674094263
0.16229709366831738
0.15658714912705754
0.15116965926173148
0.14613594547394965
0.14138788608778155
0.13699440064666776
0.132827712408059
0.12890208007763812
0.12525729183241954
0.12190101769511197
0.11876339698757711
0.1159338850435818
0.11327977765658198
0.1108588968307682
0.1086437443554505
0.10661324660866879
0.10473340431270954
0.10296548317550895
0.1013608455551201
0.09988493580863683
0.0984417360307245
0.09709749921439975
0.0958749381207869
0.09466747251776154
0.09355569975588394
0.0924655404778331
0.09146108483078642
0.09050536321972309
0.08960063703125502
0.0887027063300652
0.08785683515397474
0.08702041629484704
0.08627410906401983
0.08548444541660859
0.08479877447780271
0.08411524301766532
0.08344161900884133
0.0827987494024398
0.08217739868578797
0.0815861321352186
0.08101574386807202
0.08045204199797641
0.07993361610275915
0.07938474963057289
0.07887924477367671
0.07839057099378811
0.07793470632287693
0.07742593198269912
0.07702532440586093
0.07656739599585594
0.07613336547163528
0.07569848152647728
0.07532059793701743
0.07490837703244276
0.07451750581774935
0.07415948072546519
0.07380375445311062
0.07344272677126217
0.07306764606522112
0.07273756953264555
0.07239732588128842
0.0720975707006217
0.0717415060462629
0.07145004210645733
0.07113915530273933
0.07082026837968683
0.07053194985496984
0.07023221301393952
0.06995425037430943
0.06966339818784895
0.0694106274067824
0.06909686639689129
0.0688440156458963
0.06858897693746636
0.06832845370482005
0.06806061818236937
0.06782163954728647
0.0675694265347176
0.06731712780876932
0.06710072933451365
0.0668620741109896
0.066623226720061
0.06640133898728924
0.06618359035024028
0.0659423530801543
0.06572042441649865
0.06552550136361297
0.06531168347583775
0.06507708634704823
0.06491666487741651
0.06468631070553897
0.06449246267264618
0.06427733616769808
0.06407878577445797
0.06388632180124085
0.06371659747200187
0.06354065078120252
0.06331538164260556
0.06314108862236616
0.06295802497739186
0.06277102555892221
0.0626076816717555
0.06240235924200265
0.06223600310747304
0.062067361926861714
0.0619064275778074
0.061744278180541345
0.06158190104542577
0.06141808804311238
0.06124127614685246
0.0610689834307487
0.06093021983819072
0.06076799696163401
0.06059336816167734
0.06044466971971039
0.060308895594370415
0.06014601322314376
0.059985524563158595
0.05983058401711489
0.059719769240954734
0.05955116101647589
0.05938844284546463
0.059269330315894465
0.059147175624110475
0.058982916209527246
0.05884857655833448
0.05871474313926712
0.05855632268005074
0.05846640080287993
0.05831317370243
0.058159977259171686
0.058036033274956655
0.05791200070111818
0.05778450226256235
0.05765240523677392
0.05752561856633032
0.05742902382376341
0.057274852239385526
0.05716299409829791
0.057022862106591715
0.056893618798092765
0.05678227578994696
0.05666281374613333
0.056551630041991686
0.056410137036548146
0.05632602751366731
0.056184316154135244
0.05607338513882257
0.055943350402878685
0.05585551574048809
0.055713221435513126
0.05562521704471816
0.05551353966157257
0.05540123840959363
0.05530042557044346
0.055192624001509566
0.05505225412652867
0.05497252124755586
0.05485556210777282
0.05474195465364871
0.05466924186695244
0.05455392947081384
0.05445850508883579
0.05432418613982556
0.05424527636839255
0.054125238600703736
0.0540322274278659
0.05393689105591724
0.05384454420145227
0.053737789754299964
0.05363259236566609
0.053547364438729754
0.053434609221388214
0.05332950094052244
0.053272075415552976
0.05315877416291607
0.053052505284014305
0.05296118949275577
0.05288551594196073
0.052767592242448154
0.05269160180357348
0.052574822100900254
0.05251460533359378
0.05240134395276679
0.05232563049214114
0.05221325405671631
0.05212553117868915
0.052050948693221834
