3.437930822377077
1.6303965307712431
1.3445536426199702
1.1758438770225335
1.053832574190398
0.9668520343476108
0.8930745088229588
0.8295581856275914
0.7791562335686306
0.7360304261328071
0.6993018113536863
0.6699139739754051
0.6323524720437339
0.6053128074272279
0.5843040785635399
0.5590542712661762
0.5371148107033102
0.5182276364737072
0.5012820738618963
0.48114656929092064
0.4685512973389838
0.4537659047197451
0.44031106090401817
0.42944252530726984
0.4148466936428685
0.4040816686632696
0.39112220449947066
0.3852336077504259
0.371399708017387
0.3646086732164608
0.3567815691666203
0.3477813546096251
0.33807028808341727
0.3322605863972143
0.32141599354911793
0.31747495925536556
0.3078094568870357
0.2984300592225703
0.29521774584734667
0.29013629321733997
0.28226510911662134
0.27957228480021684
0.27269105432569957
0.26856004948407985
0.26429380786386647
0.25792109755128095
0.2537293051024071
0.24793649213729094
0.2416357283783933
0.2380514522877584
0.23311172089984278
0.22918854743952452
0.22375501219244756
0.22161745239544442
0.2184239503738085
0.21377477512958395
0.20980636902039
0.20809397222956869
0.2029448890836456
0.2003106245165858
0.1953498135334889
0.1913784535428625
0.19094943548359086
0.1870422394135514
0.18424664400582005
0.1780295887339208
0.17652606971680398
0.17467487699692053
0.17175481702740436
0.17090753231060984
0.16649320694527306
0.16274129853648145
0.16161884736747126
0.15607614602556794
0.15692577515707218
0.152194870957745
0.150799035596501
0.1478116603725291
0.14633226580406575
0.14398826826798064
0.14343659798051536
0.13958683764041743
0.13773628768472396
0.13655235675796606
0.13168498301136147
0.13151997097034998
0.1303508410599666
0.12834527644400326
0.12622995513893906
0.1238378627584349
0.12434837173806955
0.12089957925762818
0.11868938688535036
0.1178982905400881
0.1150938140690055
0.11453004970724145
0.11214865023729274
0.11126898892302063
0.10843946870920963
0.10955808893051043
0.10626401317112666
0.10316462653556242
0.1043975027841828
0.10015926864406192
0.09977004190885409
0.0980359547280402
0.09793345038502178
0.09563357192149056
0.09338365628597795
0.09395164209929537
0.09278970715925196
0.09078882425154207
0.08970930711960107
0.08925650195621214
0.08658862765882373
0.08690120425133364
0.08395301188799104
0.0837465414095049
0.08212263008764134
0.08192805264972357
0.08095714327856786
0.07918968847764794
0.07826770878473294
0.07689377289205447
0.07678191637712832
0.07559591638458639
0.07499186875745385
0.07382898386110877
0.07395296718707062
0.07025299021090613
0.07035656155576726
0.06843453274910678
0.06785597429038621
0.06687661758201245
0.06712132916489626
0.06485535504297261
0.06561638703974909
0.06343819710380384
0.06310483873056688
0.06280711930342207
0.06157003701890824
0.06070090428686545
0.05916604505621995
0.06020296005449031
0.05771993078042171
0.05710926507432371
0.0565132567155624
0.05601839707339462
0.05469295686075327
0.054753446170153985
0.0541025118086458
0.052996004579649765
0.05261133787348279
0.05202059558893487
0.05088402841897006
0.04974590287107591
0.04974226281529554
0.04908519129376731
0.048777126896549755
0.047610221343836766
0.04673865772112642
0.04667384225350283
0.04546828437547679
0.044992114326794064
0.043643628480691476
0.04403472478099269
0.043558462704359584
0.042030754376558184
0.04254709963636224
0.042040430451799615
0.04156458006218301
0.040369530680085315
0.04127120373989798
0.03953839590799145
0.038955594309510004
0.03865295295271553
0.037351293571026234
0.038396599611007005
0.036523834207343904
0.03713200952938242
0.0355788288031391
0.036169220267667536
0.03462014843110807
0.03648554460448303
0.034309678303838125
0.03386819186285251
0.03458164193724448
0.03293691649020312
0.03293600272961414
0.03165378391522119
0.03186754393086579
0.03191706678925151
0.030599373365184427
0.03070155406462048
0.030017973787307025
0.029249868578628036
0.028886042419384028
0.029031337459747484
0.027534671083974536
0.027272524660806523
