0.2302242486595062
0.23018846051122377
0.23016630154570972
0.23013015788439317
0.230130894312364
0.23011027717744603
0.2300610098356908
0.2300362347649341
0.2300009630135477
0.2299441127688948
0.22988959324675004
0.22980562295534582
0.22966530428919998
0.22949053881180048
0.22920650772828463
0.2287441491282064
0.2277148823371424
0.22524538048847817
0.2191794421113332
0.2072325547653353
0.18702326601517802
0.15983424846146607
0.13722631123620146
0.12073284597800332
0.10468280210112448
0.09093252565289674
0.0823803818349537
0.07723762138620285
0.07363805719005848
0.07080184929738187
0.06824039511627643
0.06588911506344872
0.06347005668311989
0.06117752068902399
0.05893268340102852
0.056839336318986945
0.05503861380608379
0.053387126025829006
0.05192198771746263
0.05058837137588382
0.04929906363268318
0.048044216990808186
0.046826590769905814
0.04553813887868167
0.04430131105145965
0.04318279001613362
0.042029770023377794
0.040987354082955056
0.04009270059593849
0.039235566583475524
0.038479712991513475
0.03777085941328647
0.037115241487793625
0.03652048913977321
0.035943626309986536
0.035349105499648224
0.034840363015763515
0.034334893134199934
0.03383096671816718
0.033401567053842465
0.03292647085092879
0.03249271010497889
0.0320898769388515
0.0316722156035337
0.031260009235139205
0.030869430193957905
0.03048255231561399
0.03013969537843803
0.02973209959399291
0.02938335078702183
0.029007029555559952
0.02867561016051671
0.028314282750105935
0.027982576585344216
0.02766896216317866
0.02733912236047506
0.026988326061008965
0.02666599222071044
0.026347182561340735
0.026020519133594117
0.02578182083943302
0.02544505681105202
0.025138686864476636
0.024854332568112092
0.0245548075943368
0.02427883222279155
0.024008468507681704
0.02371267574318255
0.023460074159322854
0.023187182911071403
0.02295151915983357
0.022676839085178258
0.022398041820866733
0.022162417489924466
0.021933029674117265
0.021707364947996435
0.02148277723193251
0.021214199040616263
0.021011815732549403
0.02076531299154982
0.02055631801339973
0.02036219837718326
0.020161131683054785
0.01994092143267532
0.019739059929252355
0.01956586494046259
0.019363025595052607
0.019178928844154664
0.01898668664957556
0.01882560267817535
0.018642856206694258
0.018427697220422378
0.01829375128272483
0.01813294640148483
0.017924725934761368
0.017810112821633056
0.017606776041696616
0.017436441199505066
0.017301679737002477
0.017170187968248214
0.017004903945586274
0.01685659474449464
0.01669354251745931
0.01655447469404844
0.016415112079096305
0.016291158574783093
0.0161481322605428
0.015994884238233763
0.015872242639508132
0.015757845642361743
0.015618249982120814
0.015480987309708982
0.015356375633316684
0.015247733463900874
0.015135216414869214
0.014987656569895006
0.014870201725095135
0.014733478600499872
0.014632980040649916
0.014505383210880471
0.014410389226334733
0.014292488703095107
0.014169673502241015
0.014041634012194118
0.013962390517421451
0.013856298151543801
0.01374613594684414
0.01361317661507907
0.013552590922115179
0.013419596395884888
0.013331696531466979
0.01323760094844986
0.013140822903698219
0.013018969721902196
0.012914028176424916
0.012823705543713778
0.012734309287248398
0.012646414805795906
0.012530392283535051
0.01247012790098385
0.012379514781683415
0.012262842403190359
0.012155844064135774
0.012078531499877537
0.01199354916779999
0.0119270720275862
0.011793270044461969
0.011735817142352938
0.011644246164094785
0.011559166064560434
0.011481558335052008
0.01139367489219202
0.011313685634006546
0.011208716289221385
0.011144940240888418
0.011054199570390577
0.010983923408751062
0.010880824970596647
0.010822344714249634
0.010735424548058875
0.01066019061107093
0.01058143512693515
0.010515799912972959
0.010440021813916511
0.01034772886853543
0.010297335911071731
0.01021736246630755
0.01012069309287691
0.010074839994852623
0.009991021181657503
0.009955636509590311
0.009861239954189019
0.009801614731385423
0.009706752478858256
0.009665339184856465
0.009578364235348353
0.009527751611196586
0.00946298238675325
0.009384245683173363
0.00931705931587702
