0.23022852267311222
0.23016134946703906
0.2301464306415677
0.2300947139057886
0.2300375460183893
0.2299384348522994
0.22983026109013727
0.22968747913511456
0.22941710506743265
0.2289112334016631
0.2279488212529619
0.22571995556879235
0.220055594233979
0.20812796938272168
0.1910661978702944
0.16781773755620602
0.13615491809540295
0.10916206878170419
0.09395823866310038
0.08529539192606671
0.07959504056955545
0.07538903529505435
0.07183213803276238
0.068497350305866
0.06516758448823567
0.0619205839944327
0.05890057890132724
0.056313649219549254
0.05423369058751892
0.052460997727709395
0.05091735624196999
0.04953154340245309
0.04818033575402158
0.046917635675963416
0.045681726023590545
0.04443490278780687
0.04328689131262526
0.04217110623393683
0.041126401389587355
0.04016134064483967
0.03928633504516308
0.03851117876171519
0.037749336902469725
0.03707796247661708
0.03643758492776753
0.03585944338057401
0.03530811864325524
0.03479298683473714
0.034299993437039475
0.033835141646056555
0.03335741316239647
0.0329556083183301
0.03252938511516095
0.03214988253882566
0.03176368969654277
0.03139326317138743
0.03104273822953166
0.030694723955854014
0.03036736230472702
0.030039338344628703
0.02968791010756579
0.029366450840711832
0.029058984750193455
0.028725664062054613
0.028417762112355457
0.028111262360458494
0.02782423965652847
0.027544324179919658
0.027239051443210593
0.02693769601927257
0.026641036073282193
0.02638756976232669
0.026081674108770967
0.025777803392331527
0.025511208793052607
0.025244300084045563
0.024953663053852302
0.02468946914879612
0.02441736375420624
0.02413826727647635
0.023846835566894677
0.02361914991118991
0.023374077767332312
0.023089031289827738
0.022850510390106053
0.022599505461655522
0.022351941404725795
0.02211501797066648
0.021885835852777837
0.021606563357788353
0.021410962932251063
0.02117654052178179
0.020932357796241457
0.02071920117430991
0.020483112449877033
0.020269717653508615
0.020062907819820893
0.019848552355021056
0.019635116593467745
0.01942516784580575
0.019221222615002555
0.019055961206196858
0.018845107674090245
0.018641158312654036
0.018447751596604927
0.01830094989251178
0.01809882424758193
0.017901446026469158
0.017726513085173725
0.01756980817326678
0.017396957522107823
0.01720287912158448
0.017062581350315877
0.016868311493419826
0.016728976924002156
0.01657588312743186
0.016421295688527786
0.01626446309614889
0.016096638526816472
0.015936485303955642
0.0158267617443046
0.015670221721874978
0.01553137477608392
0.015388010242637534
0.015265911707015063
0.01509445421774498
0.014983922266057695
0.014865238140698863
0.014720081365600659
0.01461031964506272
0.014451920869387257
0.014351089789102585
0.014199563768821514
0.014131146016427032
0.013982738416199292
0.013865645280921768
0.013749747044572583
0.013629252106898164
0.013507405096641686
0.0133890436643387
0.01330433532452492
0.013187939896941671
0.013120169559224371
0.012995037362189947
0.012888229262001899
0.012773070547792217
0.012702366659980759
0.012575187877910262
0.012496393724047594
0.012385072687029838
0.012316451013635042
0.012201042281335013
0.012096984009307074
0.012021813607929218
0.011928996931334977
0.011849906843304966
0.011748870207937025
0.011662137352723825
0.011575045454204298
0.01150508905154099
0.011399968550536594
0.011333029273928617
0.011265659206543996
0.011168775184427292
0.011080941228325605
0.011005633505360178
0.010923441409786383
0.01086496292898193
0.010788674631248713
0.010711018732701057
0.010608637977529672
0.010554078722637382
0.010502690584747931
0.010419995293218423
0.01035429625159686
0.010289400994746402
0.010210420889196957
0.010138107507365619
0.010070311605000841
0.009979962801016295
0.009932743865940926
0.009857251660161272
0.009801852942409858
0.009734772004270255
0.009685680007881408
0.009621397975621448
0.009545169703522602
0.009483736019910089
0.00943643931769717
0.009372916847216669
0.009291560950515457
0.009241863397032203
0.00921056365792972
0.009128270809976262
0.009064042616418194
0.009026999603676483
0.008951986291785617
0.008913398391805383
0.008842201521159701
0.008806392843198861
