19.204276417513633
6.7329557780971285
4.938895943308002
4.1606615912656615
3.6757694615541268
3.348261227443532
3.129606162691419
2.9758100119472046
2.841980615478145
2.7396961838342953
2.652556327345378
2.573951237926279
2.5083056798580876
2.446900912653831
2.3976219107919454
2.345451349102752
2.304443896128204
2.2646656628629267
2.2264384795317023
2.193036472702348
2.162885290242786
2.1342407419080027
2.1035752157969525
2.0770444312805796
2.052582478497031
2.0263911604864897
2.0055099626595796
1.9823018621934676
1.961638545620822
1.9394766949479727
1.9194309574402448
1.9013423259310038
1.884158720602456
1.8658914108053033
1.8490731367381221
1.832237644438201
1.820221343296139
1.80606631346687
1.7908434689612658
1.776935283373213
1.7659202160660623
1.7512629703946976
1.7405102378634323
1.7267663561956839
1.713614324514446
1.7023017650385317
1.691590710960196
1.6823669264611445
1.6701686669145435
1.6566672936498446
1.6487984405981015
1.6382319827326592
1.62836008287107
1.6209154012023248
1.6073676854118741
1.5985471278989387
1.5909100693505873
1.5811918252167565
1.5712266990239236
1.562476403901001
1.55452494971147
1.5447933108296157
1.5392631157754222
1.5285553673431143
1.5214540519055448
1.5123776351668445
1.5048222824925037
1.4980193728830546
1.4898391468262513
1.480756017278743
1.4742955974522411
1.466772217691296
1.4604085230044628
1.4520039299719933
1.4446060422804967
1.437124734284197
1.4294087977701908
1.4234464262422624
1.4170324909267924
1.4095908973057494
1.4039352077071305
1.3955020786543855
1.3903147647537102
1.3824592184513336
1.3756699945588176
1.3704367343906265
1.3631435069357696
1.3576289981547882
1.3505872065826114
1.34536449630121
1.3398609728337105
1.3335206181009733
1.3272165418553927
1.3230474738223672
1.3159091748899845
1.3105647001243281
1.3053858989114218
1.2982298277752335
1.2927349495994152
1.2882602772182734
1.2816186870079131
1.2759583356664084
1.2714164647337352
1.2641689926062611
1.2600862658387404
1.254503915778782
1.2501296456941624
1.2447119753679552
1.237985125172884
1.2345231389574762
1.2279855086636606
1.2239666839095655
1.2199858060351099
1.2148348592987044
1.20842035332662
1.2043732125417728
1.1992711103274585
1.1945203250200482
1.190124654797044
1.1853247597913799
1.1798495293171165
1.1764596109549308
1.1708350754855104
1.1664585266137617
1.1626154150088586
1.1576980555316219
1.153020501442825
1.1478076366346956
1.143890524505576
1.1405343354696995
1.135743423455674
1.1318769909739268
1.1264523103550044
1.1226573498062524
1.1190370452581035
1.1139048673619636
1.1097616849445302
1.104733803577922
1.1012298031941727
1.098774434778531
1.093619839440404
1.0891948233014224
1.0854963563708295
1.0809849007706174
1.0783870766798598
1.0724797908712314
1.0684192851119756
1.0645316316313471
1.06193872739733
1.057809676242344
1.0538662609345268
1.0502799200992756
1.0464878638549087
1.0425445653897525
1.0396599446955035
1.0360472264633938
1.0324157790666566
1.0289107397294266
1.0244611161583723
1.0209162557484526
1.0187870960068255
1.0141445587911517
1.010008391263089
1.0082306321101615
1.0041458029021473
0.9992735278956147
0.997786555309525
0.9940463863956784
0.990787003478747
0.9877230178883599
0.982703144105557
0.9791954528166981
0.9773003488374002
0.974261724667376
0.9698353200990599
0.966923631433182
0.9633068091455866
0.961185905056173
0.9565485539920856
0.9543786777234254
0.9517309593216353
0.9480215143580554
0.9453894639519089
0.9410455575491508
0.93984709358097
0.9339716083617269
0.9327394097370183
0.9298922832055124
0.9266807046563988
0.9232269631201704
0.920406449486132
0.9183183335662343
0.9148948312623051
0.9123694841085914
0.9079230819831755
0.9055933381470919
0.9029175668402111
0.9004482266515019
0.8979065825369147
0.8937044937389618
