0.2299896389429595
0.22964788143347017
0.22921438108184178
0.2286443687499816
0.22777334789108525
0.22645470487274452
0.2245086506870121
0.2216872473648723
0.21754645127221728
0.2118796027127273
0.2045040336934586
0.19551568088273594
0.18533295286730836
0.17457803596384444
0.16378756599065694
0.15347210793570387
0.143882062451988
0.1351077415230365
0.1272079654028325
0.12009859064755406
0.11371200484058432
0.10796797553410488
0.10275527085103738
0.0980445992609084
0.09374102515567982
0.0898029131842863
0.08623028997366523
0.08295825021290158
0.07997511375031996
0.07724660214978808
0.07473038419436534
0.07246554151777149
0.07037306349012523
0.06841779470476607
0.06666101901311418
0.0650181980712398
0.06349309958103001
0.06209465731829711
0.060773710935925984
0.059545719040015176
0.058419090331740614
0.057328500143655474
0.056315913522862436
0.05536095699813102
0.05445729640632688
0.05362112549199283
0.05282352605344909
0.05205047948992361
0.05135581233271181
0.05064473753490555
0.04999674054215717
0.04936580078589511
0.04878847924435431
0.04821050142497388
0.04766833508653412
0.04714947926824372
0.04666188254547363
0.04618687528508767
0.045739930565912024
0.04529990211667551
0.04485906886871141
0.04447247919029118
0.04409570746451652
0.04372943095689485
0.04336497345888956
0.04301772149288043
0.042688949527847665
0.04237595716813832
0.042057885630598674
0.0417691768056872
0.04148586885924929
0.041205432873176316
0.04092342189249426
0.04067203101128889
0.04041492598094352
0.040184674911645596
0.039938518669090615
0.03971180980290503
0.039493194874444165
0.03926378195913522
0.039061620026432015
0.03886966258638983
0.038665328739638065
0.03848385833845309
0.03827751561324334
0.038099080819396024
0.03792417271796167
0.03775996690509426
0.03758582942654981
0.037416957571697336
0.037254798564263884
0.03709847782909847
0.03694141601523934
0.036795327394026404
0.036638002300748596
0.036505608537739535
0.03636542331638685
0.03623971685775305
0.03609500048710422
0.03596687532680079
0.035824483725846366
0.03570672191715142
0.035598097949578016
0.035450552629861305
0.035338130494429014
0.03522412826112667
0.03511980449843799
0.03500511702018619
0.03490069795196995
0.03478012006738618
0.03466317757266347
0.034570893662030346
0.0344673354272463
0.034367542988161595
0.03427374678625001
0.03416595227984892
0.03406825528214611
0.033963421936079104
0.033889234513908024
0.03379227990068496
0.03370250548444376
0.033614540474526666
0.03351761732199079
0.033427535280226635
0.03334141802702697
0.033265564010476416
0.033176418822820374
0.033092732644280566
0.033031448859845186
0.03293860792255853
0.032850195634577875
0.03278464808427405
0.032701569358713115
0.032633705320037655
0.032549172953231315
0.03246555396922799
0.032403800514518515
0.03233546228232858
0.03226229536843634
0.032189059430497886
0.032126977971887516
0.03206410722886748
0.031975929088278655
0.03191386979483513
0.0318670941335836
0.03178952314957894
0.03172785631485745
0.03166327068808814
0.03159869289303618
0.03154112482865291
0.03146506875388878
0.03140707510350207
0.03134310398624222
0.03129313821415974
0.03122331591719355
0.03116700255894335
0.031105935009758782
0.03106435107741999
0.030977250010578352
0.030942534269729427
0.03089060002733347
0.030831292679407415
0.03076699482936193
0.030716748982816303
0.03066018553663638
0.03060482383693977
0.030562398523145077
0.03050695497907199
0.030446988610769974
0.03039003525936509
0.03035013100603599
0.030294996416902354
0.030247551195212777
0.03019522848631735
0.03013862861520933
0.0300859571258142
0.030036816571721452
0.029981641826377792
0.029935219740068842
0.02990154814957065
0.029845759452637805
0.029791997754272728
0.02973988031702585
0.029695524733896098
0.029664420618818216
0.029609203714090922
0.029569918400296272
0.029520980938521377
0.02948351686874029
0.02942322648898146
0.02938555908653207
0.029343138174678943
0.02928823216763292
0.02925363892774138
0.02921037078386247
0.02915917877242434
0.029119782042795504
0.029079525509608187
0.029036678711159395
0.028974887289577023
