3.1946962911558536
0.32058378195360154
0.2890200476573997
0.27876950228485786
0.27247333624629705
0.2670289163493253
0.2619521219464856
0.25705436700757983
0.2523153766800336
0.24770801616598156
0.24327057359949097
0.23898053921348528
0.2350107385658439
0.23122655675618753
0.22770368974303856
0.2242419167468822
0.2209397444876633
0.21789918241357378
0.21488748794709356
0.21199307554389255
0.20928640758719896
0.20670327962913138
0.20421628390360805
0.20184869204795908
0.19956310775553235
0.19742634884019206
0.1953410268734045
0.19340190728674045
0.19151636149134796
0.18969280093012506
0.18796916584275158
0.1863318589825993
0.18469390373654482
0.1831656878205142
0.18169939061590334
0.18026152907905857
0.17885838615130303
0.17752853839672722
0.17625369659050297
0.17496325606644972
0.1737997370973663
0.17257530727320147
0.17142888033623974
0.17033489266748822
0.16921850377198966
0.1681416697101421
0.16711250790213225
0.16608744103711498
0.1651019946539565
0.16412279496584234
0.1631647308511277
0.1622480086192916
0.16133804436229246
0.1604401034055472
0.1595219600323309
0.15869400072588277
0.15784071251613405
0.15700697493457436
0.1561689122603237
0.15537945309625054
0.15456739669943662
0.1538071354412123
0.15303569491924732
0.1522972307749397
0.15155535443592347
0.15076502153612995
0.15008411003034813
0.14939446283944255
0.14867206531933738
0.1479888211471318
0.14732307957540555
0.146679941401665
0.1460066772095888
0.14537377450775413
0.14472018172703122
0.14410250467146596
0.14350747561510185
0.14289781626505502
0.14228423653913916
0.14171538455860674
0.14111328740104057
0.14054216816974976
0.13999764836154202
0.13941825274738187
0.13890114396195954
0.1383494423533961
0.13781083509171235
0.13730681474244047
0.1367933439330876
0.13627517695674754
0.13578909142702092
0.13528090151177027
0.1347914952975836
0.1343187480858175
0.13382559125209145
0.13333908162978247
0.13289974253309705
0.13243128835718707
0.1320013774327782
0.13151875321111997
0.13108846753251535
0.1306362096387424
0.13023796715524247
0.12980871930251753
0.1294065572265711
0.12896967633456047
0.12857985495629917
0.12813936036497062
0.1277605573291194
0.12738030065894312
0.12699178092391272
0.12659363183342673
0.12621080075877977
0.12582619944763038
0.12547425952775118
0.1251040999502904
0.12474981931004649
0.12436366740707601
0.12400789064708968
0.12367526268656692
0.1233380746926316
0.12297662853637471
0.12266619669491106
0.12230091377718189
0.12199420533259332
0.12165962087634506
0.12134069430324768
0.12101786349139898
0.12070321364128356
0.12039504183668288
0.12009536852779466
0.11978390057073175
0.11947651027030949
0.11917542302060387
0.11887629873546836
0.1185949459370081
0.11832830501666529
0.11804108930176488
0.11772315089904534
0.11749391137743537
0.11721794048163521
0.1169362013036051
0.11664887269703156
0.11638696445986539
0.11611986691274341
0.11587015253908439
0.11561897000306641
0.11537423838226969
0.11511317651145599
0.11488414942792087
0.1146064736610767
0.1144062508928239
0.11412186879539848
0.11391628134315944
0.11366693018265371
0.11344195972922021
0.11321734625316832
0.11299455757440924
0.11276457736803876
0.11255561619049222
0.11233069862656699
0.112145144351537
0.11188475531397983
0.11168008675844494
0.11146473103615014
0.11126743307313934
0.11105626497358034
0.11086142414918042
0.11064494663927195
0.11045347692707529
0.11027750431699407
0.11005988114132632
0.10988199533193038
0.10967580571562426
0.10949685376964252
0.10927405528500368
0.10912419082122658
0.10892187972409405
0.10873091149925242
0.10858930688060732
0.10839360637784302
0.10819145164393755
0.10802557146805164
0.1078602865754301
0.1076926541007414
0.1075024566896277
0.10735718752169798
0.10714375494232548
0.10701320322559486
0.1068713782522636
0.10668968005687458
0.10653938523711683
0.10637609908056828
0.10620547801319673
0.10604041426978515
0.10592584493601763
0.105748904392511
0.10559384706457507
0.10543212651927998
0.10529262332692059
